A
1000 Generated by WorldEditor

1   1279 1 0 EDGK Korbach
100 30.00 3 0 0.00 0 0 0 03  51.25017900  008.87110900    0    0 1 0 0 0 21  51.25454500  008.87553500    0    0 1 0 0 0
110 3 0.00 330.0000 Gras area
111  51.25600734  008.87648306
111  51.24999470  008.87048362
111  51.24981221  008.87145198
111  51.25442667  008.87609607
111  51.25347511  008.87878262
113  51.25364456  008.87886593
130 Airport Boundary 72
111  51.25601927  008.87643876
111  51.24988817  008.87016705
111  51.24963415  008.87127381
111  51.25431041  008.87608821
111  51.25343289  008.87879977
113  51.25359454  008.87896578
14  51.25440387  008.87766979   9.84 0 New Tower Viewpoint 270
1300  51.25467486  008.87708370 234.73 tie_down props Gras start 2
1300  51.25426234  008.87761707 234.73 tie_down props Gras start 1
54 11997 Korbach Info
1200 
1201  51.25452242  008.87598139 both 0 _stop
1201  51.25474329  008.87629725 both 1 _stop
1201  51.25454156  008.87552283 both 2 03/21_stop
1201  51.25018993  008.87111638 both 3 03/21_start
1201  51.25006910  008.87151833 both 4 _stop
1201  51.25410808  008.87751044 both 5 _stop
1202 3 4 twoway taxiway 
1204 departure 03,21
1204 arrival 03,21
1202 2 0 twoway taxiway 
1204 departure 03,21
1204 arrival 03,21
1202 3 2 twoway runway 03/21
1204 departure 03,21
1204 arrival 03,21
1202 4 0 twoway taxiway 
1202 0 1 twoway taxiway 
1202 1 5 twoway taxiway 
99
