I
1000 Generated by WorldEditor

1    193 1 0 EDLQ Beelen
100 30.00 3 0 0.00 0 0 0 09  51.93164836  008.07820076    0    0 0 0 0 0 27  51.93188775  008.08534177    0    0 0 0 0 0
110 3 0.00 86.8900 Taxiway 1
112  51.93147010  008.08501383  51.93139044  008.08500661
112  51.93139472  008.08516452  51.93138977  008.08527205
112  51.93145082  008.08533227  51.93151514  008.08534511
112  51.93187770  008.08538771  51.93197132  008.08540007
112  51.93198465  008.08520433  51.93197975  008.08513371
114  51.93187770  008.08505790  51.93183580  008.08505349
130 Airport Boundary
111  51.93211936  008.08544204
111  51.93187116  008.07777271
111  51.93164990  008.07787967
111  51.93140070  008.07818547
111  51.93163191  008.08497265
111  51.93119826  008.08489892
113  51.93116596  008.08533181
20  51.93163304  008.08178787 266.9600 0 2 {@Y}_1_/_2_{@@}_1_/_2_
20  51.93190299  008.08175798 266.9600 0 2 {@Y}_1_/_2_{@@}_1_/_2_
14  51.93168046  008.08495827   6.56 0 Tower Viewpoint
1300  51.93151337  008.08518615   5.84 misc props Hangar
19  51.93157039  008.08500721 0 Windsock
51 12350 Beelen Info
1200 
1201  51.93155374  008.08519289 both 0 _stop
1201  51.93160277  008.08519844 both 1 _stop
1201  51.93188407  008.08522746 both 2 09/27_stop
1201  51.93165255  008.07831698 both 3 09/27_start
1201  51.93171423  008.08015964 both 4 09/27_start(split)
1201  51.93176872  008.08177637 both 5 09/27_start(split)
1201  51.93182134  008.08333887 both 6 09/27_start(split)(split)
1202 1 0 twoway taxiway 
1202 2 1 twoway taxiway 
1204 departure 09,27
1204 arrival 09,27
1202 3 4 twoway runway 09/27
1202 4 5 twoway runway 09/27
1204 departure 09,27
1204 arrival 09,27
1204 ils 09,27
1202 5 6 twoway runway 09/27
1204 departure 09,27
1204 arrival 09,27
1204 ils 09,27
1202 6 2 twoway runway 09/27
1204 departure 09,27
1204 arrival 09,27
1204 ils 09,27
99
