I
1000 Generated by WorldEditor

1    272 1 0 EDLU Oelde-Bergeler
100 20.00 3 0 0.00 0 0 0 06  51.82933118  008.17090899    0    0 0 0 0 0 24  51.83220262  008.17915555    0    0 0 0 0 0
110 3 0.00 60.6000 Taxiway 1
112  51.82940685  008.17090014  51.82939658  008.17082308
112  51.82934025  008.17077194  51.82929445  008.17077382
112  51.82918255  008.17084887  51.82914487  008.17088827
112  51.82916566  008.17100615  51.82918653  008.17106431
112  51.83024931  008.17408456  51.83027614  008.17416132
112  51.83026577  008.17425818  51.83023990  008.17427756
112  51.82963823  008.17467512  51.82959990  008.17470071
112  51.82984754  008.17518472  51.82989019  008.17513432
112  51.83036422  008.17457070  51.83040976  008.17452393
112  51.83048816  008.17475064  51.83051667  008.17483266
112  51.83122544  008.17685692  51.83124488  008.17690935
112  51.83130844  008.17696541  51.83135668  008.17698114
111  51.83151980  008.17719921
113  51.82938431  008.17105973
110 3 0.00 60.6000 Taxiway 2
111  51.83214710  008.17899448
112  51.83215010  008.17926351  51.83216477  008.17931567
112  51.83220467  008.17934753  51.83223821  008.17934823
112  51.83231450  008.17934354  51.83233323  008.17934283
114  51.83231282  008.17918931  51.83228625  008.17908992
130 Airport Boundary
111  51.82937842  008.17070522
111  51.82909382  008.17086609
111  51.83026734  008.17423854
111  51.82959675  008.17468632
111  51.82967569  008.17493905
111  51.82982339  008.17523024
111  51.83037698  008.17458134
111  51.83124868  008.17696990
111  51.83129242  008.17697354
111  51.83135101  008.17707417
111  51.83215326  008.17936521
111  51.83238588  008.17934548
111  51.83227384  008.17900801
111  51.83193355  008.17800896
113  51.83145751  008.17664764
14  51.83022019  008.17431139   6.56 0 Tower Viewpoint
1300  51.82983617  008.17465312 326.16 misc props Apron 1
1300  51.82984740  008.17506784  15.33 misc props Apron 2
1300  51.83001772  008.17471867 -26.02 misc props Apron 3
19  51.83015209  008.17432384 0 Windsock
54 12280 Bergeler Info
1200 
1201  51.82986082  008.17507347 both 0 _stop
1201  51.83003334  008.17470789 both 1 _stop
1201  51.82985084  008.17461944 both 2 _stop
1201  51.83004922  008.17469340 both 3 _stop
1201  51.82991863  008.17506005 both 4 _stop
1201  51.83017120  008.17475591 both 5 _stop
1201  51.82990281  008.17457204 both 6 _stop
1201  51.83007641  008.17447009 both 7 _stop
1201  51.83022041  008.17451008 both 8 _stop
1201  51.83219898  008.17914500 both 9 06/24_stop
1201  51.82934204  008.17093866 both 10 06/24_start
1201  51.82985554  008.17241398 both 11 06/24_start(split)
1201  51.83049892  008.17426311 both 12 06/24_start(split)
1201  51.83136083  008.17674002 both 13 06/24_start(split)(split)
1202 4 0 twoway taxiway 
1202 3 1 twoway taxiway 
1202 6 2 twoway taxiway 
1202 8 3 twoway taxiway 
1204 departure 06,24
1204 arrival 06,24
1202 5 4 twoway taxiway 
1204 departure 06,24
1204 arrival 06,24
1202 8 5 twoway taxiway 
1204 departure 06,24
1204 arrival 06,24
1202 7 6 twoway taxiway 
1204 departure 06,24
1204 arrival 06,24
1202 8 7 twoway taxiway 
1204 departure 06,24
1204 arrival 06,24
1202 12 8 twoway taxiway 
1204 departure 06,24
1204 arrival 06,24
1202 10 11 twoway runway 06/24
1202 11 12 twoway runway 06/24
1204 departure 06,24
1204 arrival 06,24
1204 ils 06,24
1202 12 13 twoway runway 06/24
1204 departure 06,24
1204 arrival 06,24
1204 ils 06,24
1202 13 9 twoway runway 06/24
1204 departure 06,24
1204 arrival 06,24
1204 ils 06,24
99
