I
1000 Generated by WorldEditor

1    935 1 0 EDVI Hoexter-Holzminden
100 15.00 3 0 0.00 0 0 0 13  51.80691357  009.37906949    0    0 1 0 0 0 31  51.80442666  009.38314487    0    0 1 0 0 0
100 20.00 1 0 0.00 0 0 0 14  51.80916000  009.37416400    0    0 1 0 0 0 32  51.80412100  009.38272500    0    0 1 0 0 0
110 4 0.00 0.0000 New Taxiway 43
111  51.80855983  009.37951660
112  51.80844100  009.37954718  51.80840319  009.37964764
111  51.80846531  009.37970443
114  51.80857064  009.37968695  51.80861385  009.37958649
110 2 0.00 0.0000 New Taxiway 42
111  51.80669794  009.38048579
111  51.80673001  009.38052654
111  51.80683539  009.38054321
111  51.80690984  009.38039872
111  51.80691671  009.38022089
111  51.80687885  009.38017960
111  51.80681482  009.38028562
111  51.80679195  009.38026343
111  51.80669438  009.38042862
113  51.80671420  009.38045574
110 1 0.00 0.0000 New Taxiway 41
111  51.80637665  009.38088079 20
111  51.80646812  009.38101976 20
111  51.80655820  009.38087183 20
113  51.80646396  009.38073734 20
110 1 0.00 0.0000 New Taxiway 40
111  51.80542298  009.38213158
111  51.80542871  009.38215751
111  51.80542413  009.38226495
111  51.80546307  009.38227606
111  51.80546651  009.38211676
111  51.80553638  009.38211676
111  51.80553867  009.38228162
111  51.80558105  009.38228903
111  51.80557990  009.38211861
111  51.80565206  009.38212417
111  51.80565321  009.38228903
111  51.80570017  009.38229088
111  51.80570017  009.38213158
111  51.80577233  009.38213713
111  51.80577347  009.38229459
111  51.80581815  009.38230385
111  51.80582158  009.38213528
111  51.80589390  009.38214257
111  51.80589187  009.38244119
111  51.80600550  009.38245432
111  51.80604406  009.38245104
111  51.80633828  009.38245761
112  51.80634031  009.38206709  51.80634234  009.38197192
111  51.80636063  009.38188346
111  51.80650552  009.38158596
111  51.80654206  009.38154724
111  51.80690870  009.38094205
111  51.80694272  009.38090130
112  51.80702588  009.38081368  51.80706872  009.38079330
111  51.80715237  009.38088451
111  51.80756373  009.38019236
111  51.80729927  009.37978186
112  51.80725804  009.37963552  51.80725002  009.37959662
111  51.80724659  009.37947991
111  51.80722253  009.37885008
112  51.80719619  009.37866483  51.80717557  009.37856480
111  51.80711372  009.37848329
111  51.80701407  009.37829990
112  51.80697856  009.37817764  51.80696711  009.37810725
111  51.80697398  009.37806279
111  51.80680446  009.37834436
112  51.80689838  009.37833325  51.80694076  009.37832954
111  51.80699345  009.37841475
111  51.80707821  009.37856110
112  51.80714350  009.37874263  51.80715954  009.37881303
111  51.80715724  009.37885934
111  51.80718588  009.37970961
112  51.80716183  009.37989671  51.80714006  009.37999674
111  51.80708508  009.38013753
112  51.80701293  009.38020607  51.80697055  009.38023200
111  51.80691671  009.38022089
111  51.80690984  009.38039872
111  51.80683539  009.38054321
111  51.80673001  009.38052654
111  51.80669794  009.38048579
112  51.80668190  009.38055989  51.80667274  009.38060620
111  51.80666931  009.38070993
112  51.80666816  009.38077662  51.80666816  009.38080626
111  51.80665670  009.38084141
111  51.80595883  009.38205918
113  51.80542477  009.38203391
110 1 0.00 0.0000 New Taxiway 39
111  51.80411893  009.38016025
111  51.80378233  009.37969519
111  51.80363528  009.37995943
113  51.80398822  009.38044563
110 3 0.00 0.0000 New Taxiway 37
111  51.80542477  009.38203391
112  51.80533530  009.38204864  51.80530284  009.38206833
111  51.80521953  009.38216363
111  51.80480777  009.38282951
112  51.80463918  009.38306298  51.80457000  009.38310070
111  51.80450780  009.38302488
112  51.80414677  009.38246592  51.80407500  009.38222606
112  51.80414677  009.38126661  51.80419462  009.38093390
111  51.80425682  009.38087974
111  51.80615158  009.37765824
112  51.80623505  009.37757485  51.80625961  009.37756294
111  51.80631608  009.37762647
111  51.80669173  009.37820621
111  51.80681695  009.37797590
111  51.80643639  009.37740014
112  51.80640447  009.37727705  51.80639465  009.37722145
111  51.80641309  009.37719331
111  51.80799478  009.37450103
111  51.80883308  009.37310050
112  51.80884494  009.37272958  51.80879749  009.37262726
112  51.80844161  009.37278074  51.80827158  009.37295341
111  51.80801578  009.37402456
111  51.80462293  009.37988994
112  51.80444894  009.38004469  51.80434455  009.38011503
112  51.80405747  009.38010096  51.80398353  009.38015723
112  51.80395743  009.38033309  51.80398353  009.38043860
111  51.80401704  009.38068933
111  51.80396049  009.38187368
112  51.80397939  009.38233229  51.80399830  009.38252883
112  51.80412100  009.38272500  51.80418312  009.38282109
111  51.80438794  009.38306100
111  51.80447707  009.38320513
112  51.80458780  009.38328812  51.80464182  009.38329249
111  51.80468773  009.38322260
111  51.80503218  009.38261841
112  51.80526013  009.38226609  51.80532496  009.38218076
113  51.80542298  009.38213158
112  51.80847168  009.37293505  51.80860694  009.37276825
111  51.80868648  009.37293827
113  51.80820935  009.37381563
110 3 0.00 0.0000 New Taxiway 36
111  51.80910023  009.37441339
112  51.80917141  009.37440699  51.80920304  009.37440060
112  51.80926631  009.37458606  51.80927817  009.37474594
112  51.80870876  009.37583953  51.80850710  009.37612731
112  51.80820262  009.37642789  51.80809981  009.37654939
111  51.80687614  009.37903122
111  51.80694117  009.37913401
112  51.80826193  009.37653020  51.80838056  009.37636393
112  51.80877994  009.37596103  51.80892229  009.37575638
112  51.80940471  009.37465640  51.80942843  009.37452849
111  51.80937703  009.37426629
112  51.80922281  009.37394652  51.80915164  009.37388257
113  51.80908837  009.37407443
130 Airport Boundary 35
111  51.80895041  009.37186913
111  51.80456583  009.37912458
111  51.80355716  009.37920682
111  51.80335373  009.38308589
111  51.80413354  009.38433323
111  51.80531174  009.38241434
111  51.81080435  009.38271604
111  51.81037206  009.38159194
111  51.80970244  009.37793176
111  51.80983806  009.37634157
113  51.81043139  009.37451833
14  51.80701092  009.38099243  16.40 0 New Tower Viewpoint 303
1300  51.80655558  009.38146172 228.01 tie_down props Ramp start 1
1300  51.80667611  009.38124874 228.37 tie_down props Ramp start 2
1300  51.80721850  009.38049427 225.69 tie_down props Ramp start 3
1300  51.80730778  009.38030295 226.85 tie_down props Ramp start 4
19  51.80662882  009.38015247 0 New Windsock 235
54 12362 Hoexter Info
1200 
1201  51.80907132  009.37529193 both 0 _stop
1201  51.80870810  009.37596471 both 1 _stop
1201  51.80822313  009.37648324 both 2 _stop
1201  51.80714363  009.37861638 both 3 _stop
1201  51.80718218  009.37875093 both 4 _stop
1201  51.80722073  009.37960418 both 5 _stop
1201  51.80724103  009.38016863 both 6 _stop
1201  51.80714971  009.38040820 both 7 _stop
1201  51.80661199  009.38114330 both 8 _stop
1201  51.80647395  009.38136785 both 9 _stop
1201  51.80600903  009.38209937 both 10 _stop
1201  51.80549246  009.38207287 both 11 _stop
1201  51.80536820  009.38208489 both 12 _stop
1201  51.80523833  009.38222272 both 13 _stop
1201  51.80469055  009.38312018 both 14 _stop
1201  51.80455957  009.38317089 both 15 _stop
1201  51.80423676  009.38277711 both 16 _stop
1201  51.80934241  009.37453976 both 17 _stop
1201  51.80927059  009.37425243 both 18 _stop
1201  51.80914337  009.37419103 both 19 14/32_stop
1201  51.80416000  009.38265656 both 20 14/32_start
1201  51.80609798  009.38199457 both 21 Asphalt_Cracks1.obj
1202 0 17 twoway taxiway 
1202 1 0 twoway taxiway 
1202 2 1 twoway taxiway 
1202 3 2 twoway taxiway 
1202 4 3 twoway taxiway 
1202 5 4 twoway taxiway 
1202 6 5 twoway taxiway 
1202 7 6 twoway taxiway 
1202 8 7 twoway taxiway 
1202 9 8 twoway taxiway 
1202 21 9 twoway taxiway 
1202 10 21 twoway taxiway 
1202 11 10 twoway taxiway 
1202 12 11 twoway taxiway 
1202 13 12 twoway taxiway 
1202 14 13 twoway taxiway 
1202 15 14 twoway taxiway 
1202 16 15 twoway taxiway 
1204 departure 14,32
1204 arrival 14,32
1202 20 16 twoway taxiway 
1204 departure 14,32
1204 arrival 14,32
1202 18 17 twoway taxiway 
1204 departure 14,32
1204 arrival 14,32
1202 19 18 twoway taxiway 
1204 departure 14,32
1204 arrival 14,32
1202 20 19 twoway runway 14/32
1204 departure 14,32
1204 arrival 14,32
99
