I
1050 Generated by WorldEditor

1    860 1 0 EDVK Kassel-Calden
1302 city Kassel
1302 country Germany
1302 datum_lat 51.420791667
1302 datum_lon 9.392158333
1302 faa_code 
1302 iata_code KSF
1302 icao_code EDVK
1302 region_code ED
1302 state Hesse
1302 transition_alt 5000
1302 transition_level 
1302 flatten 1
100 45.00 1 0 0.00 1 3 0 09  51.42175800  009.37425400    0    0 3 2 0 0 27  51.41982300  009.41006100    0    0 3 2 1 0
110 2 0.00 5.0000 Passenger apron
111  51.41871700  009.38819300 20 102
111  51.41877400  009.38711800 20 102
111  51.41794400  009.38701300
111  51.41798600  009.38621900
111  51.41688300  009.38608000
111  51.41673600  009.38877100
111  51.41678723  009.38877733 20 102
111  51.41888687  009.38903679 20
111  51.41891807  009.38904065 20 102
111  51.41892900  009.38904200 20 102
111  51.41893778  009.38885335
111  51.41896428  009.38828450 20 102
113  51.41896700  009.38822600 20 102
110 2 0.00 5.0000 GA apron
111  51.41868100  009.39250800
111  51.41689314  009.39226882
111  51.41685700  009.39294200
111  51.41735804  009.39301037
111  51.41734054  009.39330995
111  51.41738003  009.39331597
111  51.41732100  009.39442500
111  51.41721100  009.39440800
111  51.41701700  009.39796600
111  51.41808153  009.39811259
111  51.41835136  009.39814974
111  51.41837500  009.39815300
111  51.41838031  009.39805583
111  51.41840848  009.39753980
111  51.41844500  009.39687100
111  51.41843920  009.39687019 20 102
111  51.41800300  009.39680900 20 102
111  51.41817000  009.39369400 20 102
111  51.41860711  009.39374716
111  51.41861400  009.39374800
111  51.41861697  009.39369310
113  51.41862651  009.39351646
110 1 0.00 0.0000 Main taxiway
111  51.41969468  009.40867466 3 102
111  51.41931200  009.40969100 3 102
111  51.41902066  009.40965002 3 102
112  51.41872080  009.40960945  51.41866868  009.40960428 3 102
112  51.41854300  009.40947079  51.41845661  009.40935370 3 102
112  51.41841666  009.40907174  51.41841879  009.40896283 3 102
111  51.41842130  009.40883714 3 102
111  51.41842836  009.40848175 3 102
111  51.41844062  009.40786432 3 102
111  51.41870836  009.40290100 3 102
111  51.41879308  009.40278717 3 102
112  51.41907418  009.40279676  51.41926233  009.40280164 3 102
111  51.41941003  009.40243860 3 102
112  51.42004165  009.40088972  51.42004636  009.40087840 3 102
112  51.42008238  009.40087549  51.42009980  009.40087545 3 102
111  51.42011605  009.40087824
111  51.42014262  009.40088016
111  51.42022281  009.39933447
111  51.42019482  009.39944327 3 102
112  51.41997536  009.40040931  51.41985297  009.40083832 3 102
112  51.41965550  009.40136499  51.41955709  009.40160592 3 102
112  51.41939312  009.40200141  51.41936225  009.40207490 3 102
112  51.41926141  009.40225509  51.41923111  009.40230777 3 102
112  51.41896791  009.40241794  51.41878180  009.40237776 3 102
112  51.41879662  009.40169504  51.41880227  009.40155347 3 102
111  51.41881027  009.40135080 3 102
111  51.41885916  009.40011645 3 102
111  51.41894221  009.39857938 3 102
111  51.41901934  009.39715184 3 102
111  51.41916877  009.39438636 3 102
111  51.41924611  009.39295492 3 102
111  51.41937496  009.39057030 3 102
112  51.41946918  009.38937037  51.41947478  009.38929746 3 102
112  51.41966460  009.38895036  51.41978918  009.38887061 3 102
112  51.41988999  009.38888597  51.41991034  009.38888886 3 102
111  51.42013246  009.38891957 3 102
112  51.42046114  009.38896541  51.42049557  009.38897064 3 102
112  51.42065681  009.38913037  51.42072522  009.38925804 3 102
111  51.42073529  009.38941802
111  51.42073947  009.38944891
111  51.42080788  009.38824808
111  51.42079644  009.38828399 3 102
112  51.42069205  009.38851515  51.42061197  009.38862110 3 102
112  51.42048528  009.38863534  51.42045737  009.38863100 3 102
111  51.42015054  009.38858878 3 102
112  51.41991694  009.38855657  51.41989875  009.38855407 3 102
112  51.41970452  009.38835721  51.41959707  009.38817560 3 102
112  51.41959321  009.38796421  51.41959438  009.38788371 3 102
111  51.41961973  009.38645716 3 102
111  51.41977880  009.38351750 3
111  51.41978502  009.38340264 3 102
111  51.41989447  009.38137983 3 102
111  51.41993825  009.38015642 3 102
111  51.42016099  009.37602520 3 102
111  51.42027402  009.37478478 3 102
112  51.42036640  009.37454627  51.42043752  009.37444088 3 102
112  51.42054435  009.37440490  51.42057850  009.37440586
111  51.42054435  009.37440490
112  51.42054435  009.37440490  51.42056229  009.37440540 3 102
112  51.42091435  009.37444239  51.42108377  009.37446035
111  51.42091435  009.37444239
112  51.42091435  009.37444239  51.42106758  009.37445863 3 102
111  51.42121000  009.37447400 3 102
111  51.42148239  009.37559328
111  51.42149093  009.37561190
111  51.42156312  009.37423267
111  51.42155623  009.37422684 3 102
111  51.42093117  009.37414003 3 102
111  51.42046513  009.37407531 3 102
112  51.42018824  009.37425139  51.42008065  009.37444401 3 102
112  51.42006925  009.37471018  51.42006635  009.37476897 3 102
111  51.41977625  009.38013564 3 102
111  51.41968774  009.38135695 3 102
111  51.41958056  009.38334033 3
111  51.41957243  009.38349075 3 102
111  51.41941343  009.38643331 3 102
112  51.41928249  009.38791900  51.41927949  009.38795306 3 102
112  51.41918112  009.38820407  51.41909361  009.38832768 3 102
112  51.41900011  009.38833276  51.41897682  009.38832931 3 102
111  51.41896428  009.38828450
111  51.41893778  009.38885335 3 102
111  51.41899828  009.38879212 3 102
112  51.41916701  009.38894683  51.41924617  009.38908787 3 102
112  51.41923809  009.38934159  51.41923719  009.38938866 3 102
111  51.41921329  009.39055157 3 102
111  51.41908481  009.39293191 3 102
112  51.41907490  009.39311562  51.41907081  009.39319247 3 102
112  51.41895742  009.39341721  51.41887556  009.39351818 3 102
112  51.41874349  009.39351746  51.41871751  009.39351757 3 102
111  51.41867526  009.39351700
111  51.41862651  009.39351646
111  51.41861697  009.39369310
111  51.41866419  009.39370726 3 102
112  51.41873110  009.39372738  51.41875735  009.39373533 3 102
112  51.41892457  009.39385040  51.41898670  009.39393877 3 102
112  51.41901670  009.39419164  51.41901289  009.39426588 3 102
111  51.41900732  009.39436539 3 102
111  51.41890407  009.39627581 3 102
112  51.41882479  009.39712681  51.41882149  009.39716091 3 102
112  51.41869516  009.39748544  51.41860505  009.39760554 3 102
112  51.41849322  009.39760000  51.41847050  009.39759454 3 102
111  51.41846113  009.39754963
111  51.41840848  009.39753980
111  51.41838031  009.39805583
111  51.41843379  009.39805868 3 102
111  51.41849390  009.39799042 3 102
112  51.41866329  009.39815575  51.41873485  009.39830059 3 102
112  51.41874529  009.39855518  51.41874439  009.39860802 3 102
111  51.41873727  009.39936089 3 102
111  51.41863098  009.40132810 3 102
111  51.41855351  009.40276194 3 102
111  51.41824574  009.40845801 3 102
112  51.41820929  009.40913267  51.41819275  009.40943684 3 102
112  51.41838943  009.40976932  51.41845520  009.40985378 3 102
112  51.41864240  009.40989271  51.41871374  009.40990282 3 102
111  51.41900335  009.40994269 3 102
111  51.41962155  009.41002829
111  51.41964755  009.41000088
113  51.41972514  009.40860309
110 1 0.00 0.0000 Taxiway 1
111  51.41808153  009.39811259
111  51.41701700  009.39796600
111  51.41699910  009.39844431
111  51.41690174  009.39842870
111  51.41684000  009.39974700
111  51.41721700  009.39979700
111  51.41728100  009.39865100
111  51.41752600  009.39868400
111  51.41745700  009.39989100
111  51.41797900  009.39996900
113  51.41804570  009.39876141
110 1 0.00 95.0000 Taxiway 2
111  51.41685700  009.39294200
111  51.41689314  009.39226882
111  51.41657501  009.39223197
112  51.41656640  009.39242312  51.41656364  009.39248242
111  51.41650437  009.39248357
111  51.41609186  009.39242515
112  51.41607266  009.39235526  51.41607541  009.39229155
111  51.41608109  009.39216202
111  51.41597291  009.39214671
112  51.41596451  009.39235437  51.41596293  009.39240798
111  51.41592126  009.39240099
111  51.41566308  009.39236443
112  51.41563677  009.39228960  51.41563992  009.39222715
111  51.41564489  009.39210025
111  51.41554277  009.39208579
112  51.41551495  009.39229120  51.41548163  009.39228815
111  51.41545136  009.39207285
111  51.41534874  009.39205832
112  51.41539505  009.39230539  51.41543623  009.39243643
111  51.41547025  009.39249856
111  51.41645726  009.39264954
111  51.41644234  009.39291363
111  51.41655334  009.39292458
111  51.41656528  009.39269759
112  51.41660958  009.39267243  51.41664535  009.39267702
111  51.41664682  009.39271994
113  51.41663725  009.39291051
110 3 0.00 150.0000 Grass Apron
111  51.41808153  009.39811259
111  51.41804570  009.39876141
112  51.41822046  009.39877277  51.41828731  009.39877267
112  51.41836783  009.39879561  51.41836126  009.39891652
112  51.41835045  009.39916833  51.41834766  009.39921919
111  51.41831075  009.39920288
111  51.41828014  009.39972941
112  51.41829958  009.39977817  51.41829727  009.39983204
112  51.41827988  009.40020463  51.41828081  009.40024033
112  51.41837222  009.40027902  51.41844951  009.40028945
112  51.41846034  009.40022764  51.41846313  009.40018005
112  51.41852916  009.39885473  51.41853250  009.39875091
112  51.41844350  009.39844466  51.41834613  009.39826863
113  51.41835136  009.39814974
130 Airport Boundary
111  51.42128023  009.36968928
111  51.42120909  009.37094725
111  51.42080262  009.37190706
111  51.41981397  009.37322504
111  51.41934483  009.38237553
111  51.41594910  009.38190499
111  51.41545926  009.39153815
111  51.41529859  009.39151777
111  51.41529603  009.39199477
111  51.41539293  009.39245320
111  51.41558897  009.39283383
111  51.41588432  009.39308113
111  51.41620476  009.39317167
111  51.41674308  009.39326433
111  51.41641320  009.39975304
111  51.41822243  009.40006120
111  51.41805542  009.40303657
111  51.41758368  009.40363360
111  51.41738940  009.40463495
111  51.41740189  009.40567019
111  51.41759905  009.40648106
111  51.41788298  009.40700170
111  51.41776363  009.40984314
111  51.41834068  009.41096695
111  51.41890621  009.41106039
111  51.41903892  009.41136493
111  51.41886820  009.41456440
111  51.42026844  009.41475692
111  51.42039252  009.41253638
111  51.42153360  009.41257984
111  51.42183724  009.41112255
111  51.42209881  009.40625589
111  51.42358400  009.37836500
111  51.42377600  009.37476300
111  51.42372500  009.37409500
111  51.42389300  009.37087400
111  51.42294511  009.37031236
113  51.42296151  009.36960659
120 Linear Feature 33
111  51.41900774  009.39360778 1
111  51.41904395  009.39356499 1
111  51.41901189  009.39349528 1
113  51.41897569  009.39353814 1
120 Linear Feature 31
111  51.41902682  009.39354088 1
111  51.41902731  009.39354027 1
111  51.41902700  009.39353962 1
113  51.41902651  009.39354022 1
120 Linear Feature 20
111  51.41901579  009.39351566 1
111  51.41900273  009.39353115 1
111  51.41900259  009.39353085 1
111  51.41900880  009.39351838 1
111  51.41899948  009.39352406 1
111  51.41899936  009.39352380 1
115  51.41901263  009.39350835
120 Linear Feature 30
112  51.41901001  009.39354772  51.41901161  009.39355109 1
112  51.41901854  009.39354265  51.41902203  009.39353869 1
112  51.41902357  009.39353160  51.41902202  009.39352850 1
114  51.41901545  009.39353619  51.41901233  009.39353996 1
120 Linear Feature 29
111  51.41902484  009.39354826 1
111  51.41902923  009.39355789 1
111  51.41901684  009.39356143 1
115  51.41903006  009.39354573
120 Linear Feature 28
111  51.41902716  009.39357481 1
112  51.41902309  009.39357515  51.41902167  009.39357182 1
112  51.41902985  009.39356652  51.41903423  009.39356690 1
111  51.41903785  009.39356245 1
115  51.41903452  009.39355520
120 Linear Feature 27
111  51.41899688  009.39352890 1
111  51.41898361  009.39354426 1
111  51.41898344  009.39354387 1
111  51.41899416  009.39352302 1
111  51.41899402  009.39352268 1
115  51.41898090  009.39353837
120 Linear Feature 22
111  51.41899582  009.39354188 1
115  51.41899356  009.39353705
120 Linear Feature 21
111  51.41900093  009.39353776 1
111  51.41899582  009.39354188 1
111  51.41898622  009.39354970 1
111  51.41898618  009.39354961 1
111  51.41899356  009.39353705 1
115  51.41899755  009.39353024
120 Linear Feature 26
111  51.41900384  009.39354400 1
111  51.41899052  009.39355916 1
111  51.41898914  009.39355628 1
112  51.41899129  009.39354889  51.41899478  009.39354472 1
111  51.41899607  009.39354849 1
115  51.41899735  009.39355125
120 Linear Feature 25
112  51.41899406  009.39355942  51.41899158  009.39356227 1
112  51.41899630  009.39356584  51.41900001  009.39356320 1
112  51.41900313  009.39354861  51.41900721  009.39354562 1
116  51.41900520  009.39355619  51.41900237  009.39355945
120 Linear Feature 24
111  51.41900123  009.39358178 1
115  51.41901148  009.39355976
120 Linear Feature 23
111  51.41901444  009.39356608 1
115  51.41899837  009.39357557
120 Linear Feature 22
111  51.41901349  009.39357958 1
115  51.41901123  009.39357475
120 Linear Feature 21
111  51.41901861  009.39357546 1
111  51.41901349  009.39357958 1
111  51.41900391  009.39358743 1
111  51.41900385  009.39358730 1
111  51.41901123  009.39357475 1
115  51.41901522  009.39356794
120 Linear Feature 20
111  51.41902265  009.39358425 1
111  51.41900959  009.39359975 1
111  51.41900945  009.39359945 1
111  51.41901566  009.39358698 1
111  51.41900635  009.39359266 1
111  51.41900623  009.39359240 1
115  51.41901949  009.39357695
120 Linear Feature 33
111  51.41895973  009.39375869 1
111  51.41899142  009.39380990 1
111  51.41902975  009.39374885 1
113  51.41899802  009.39369768 1
120 Linear Feature 31
111  51.41900380  009.39377919 1
111  51.41900424  009.39377988 1
111  51.41900460  009.39377930 1
113  51.41900416  009.39377861 1
120 Linear Feature 20
111  51.41901774  009.39375801 1
111  51.41900628  009.39373956 1
111  51.41900644  009.39373929 1
111  51.41901504  009.39374731 1
111  51.41901018  009.39373337 1
111  51.41901032  009.39373314 1
115  51.41902179  009.39375193
120 Linear Feature 30
112  51.41899712  009.39375352  51.41899527  009.39375656 1
112  51.41900149  009.39376631  51.41900444  009.39377127 1
112  51.41900904  009.39377267  51.41901073  009.39376977 1
114  51.41900503  009.39376046  51.41900224  009.39375607 1
120 Linear Feature 29
111  51.41899895  009.39377713 1
111  51.41899365  009.39378550 1
111  51.41898965  009.39376636 1
115  51.41900127  009.39378504
120 Linear Feature 28
111  51.41898291  009.39378469 1
112  51.41898210  009.39377829  51.41898395  009.39377553 1
112  51.41898842  009.39378775  51.41898882  009.39379476 1
111  51.41899210  009.39379985 1
115  51.41899609  009.39379349
120 Linear Feature 27
111  51.41900681  009.39372995 1
111  51.41899540  009.39371114 1
111  51.41899561  009.39371081 1
111  51.41901004  009.39372478 1
111  51.41901023  009.39372450 1
115  51.41899864  009.39370598
120 Linear Feature 22
111  51.41899865  009.39373016 1
115  51.41900130  009.39372587
120 Linear Feature 21
111  51.41900194  009.39373767 1
111  51.41899865  009.39373016 1
111  51.41899242  009.39371607 1
111  51.41899247  009.39371600 1
111  51.41900130  009.39372587 1
115  51.41900608  009.39373120
120 Linear Feature 26
111  51.41899851  009.39374319 1
111  51.41898722  009.39372428 1
111  51.41898879  009.39372167 1
112  51.41899366  009.39372400  51.41899675  009.39372893 1
111  51.41899461  009.39373152 1
115  51.41899309  009.39373396
120 Linear Feature 25
112  51.41898757  009.39372994  51.41898545  009.39372641 1
112  51.41898394  009.39373443  51.41898610  009.39373992 1
112  51.41899556  009.39374274  51.41899800  009.39374877 1
116  51.41899119  009.39374713  51.41898877  009.39374312
120 Linear Feature 24
111  51.41897482  009.39374457 1
115  51.41898991  009.39375762
120 Linear Feature 23
111  51.41898644  009.39376323 1
115  51.41897824  009.39373913
120 Linear Feature 22
111  51.41897797  009.39376370 1
115  51.41898062  009.39375942
120 Linear Feature 21
111  51.41898126  009.39377122 1
111  51.41897797  009.39376370 1
111  51.41897173  009.39374964 1
111  51.41897180  009.39374953 1
111  51.41898062  009.39375942 1
115  51.41898540  009.39376475
120 Linear Feature 20
111  51.41897643  009.39377892 1
111  51.41896496  009.39376046 1
111  51.41896513  009.39376020 1
111  51.41897372  009.39376822 1
111  51.41896886  009.39375427 1
111  51.41896900  009.39375405 1
115  51.41898047  009.39377283
120 Linear Feature 33
111  51.41791492  009.39336192 1
111  51.41794454  009.39341621 1
111  51.41798518  009.39335915 1
113  51.41795552  009.39330489 1
120 Linear Feature 31
111  51.41795809  009.39338682 1
111  51.41795851  009.39338755 1
111  51.41795889  009.39338701 1
113  51.41795847  009.39338627 1
120 Linear Feature 20
111  51.41797284  009.39336709 1
111  51.41796212  009.39334751 1
111  51.41796230  009.39334726 1
111  51.41797056  009.39335613 1
111  51.41796626  009.39334173 1
111  51.41796641  009.39334152 1
115  51.41797712  009.39336142
120 Linear Feature 30
112  51.41794408  009.39337241  51.41794212  009.39337526 1
112  51.41794795  009.39338562  51.41795070  009.39339087 1
112  51.41795524  009.39339273  51.41795704  009.39339000 1
114  51.41795171  009.39338014  51.41794910  009.39337547 1
120 Linear Feature 30
112  51.41795243  009.39336052  51.41795047  009.39336337 1
112  51.41795630  009.39337373  51.41795905  009.39337898 1
112  51.41796358  009.39338084  51.41796538  009.39337811 1
114  51.41796006  009.39336825  51.41795745  009.39336358 1
120 Linear Feature 28
111  51.41793703  009.39339020 1
112  51.41793648  009.39338373  51.41793843  009.39338117 1
112  51.41794241  009.39339381  51.41794254  009.39340084 1
111  51.41794560  009.39340625 1
115  51.41794984  009.39340031
120 Linear Feature 27
111  51.41796303  009.39333798 1
111  51.41795238  009.39331805 1
111  51.41795260  009.39331774 1
111  51.41796646  009.39333314 1
111  51.41796666  009.39333288 1
115  51.41795581  009.39331323
120 Linear Feature 22
111  51.41795488  009.39333736 1
115  51.41795769  009.39333335
120 Linear Feature 21
111  51.41795787  009.39334519 1
111  51.41795488  009.39333736 1
111  51.41794921  009.39332268 1
111  51.41794927  009.39332260 1
111  51.41795769  009.39333335 1
115  51.41796225  009.39333915
120 Linear Feature 26
111  51.41795423  009.39335035 1
111  51.41794370  009.39333035 1
111  51.41794537  009.39332790 1
112  51.41795014  009.39333072  51.41795303  009.39333595 1
111  51.41795079  009.39333831 1
115  51.41794918  009.39334059
120 Linear Feature 25
112  51.41794383  009.39333602  51.41794185  009.39333230 1
112  51.41794003  009.39334014  51.41794197  009.39334584 1
112  51.41795131  009.39334961  51.41795350  009.39335588 1
116  51.41794677  009.39335355  51.41794451  009.39334930
120 Linear Feature 24
111  51.41793053  009.39334934 1
115  51.41794507  009.39336388
120 Linear Feature 23
111  51.41794140  009.39336914 1
115  51.41793415  009.39334426
120 Linear Feature 22
111  51.41793292  009.39336876 1
115  51.41793574  009.39336475
120 Linear Feature 21
111  51.41793591  009.39337659 1
111  51.41793292  009.39336876 1
111  51.41792725  009.39335409 1
111  51.41792732  009.39335399 1
111  51.41793574  009.39336475 1
115  51.41794030  009.39337055
120 Linear Feature 20
111  51.41793079  009.39338379 1
111  51.41792006  009.39336421 1
111  51.41792024  009.39336396 1
111  51.41792851  009.39337283 1
111  51.41792420  009.39335843 1
111  51.41792435  009.39335822 1
115  51.41793506  009.39337812
120 Linear Feature 33
111  51.41801496  009.39381556 1
111  51.41801124  009.39388745 1
111  51.41806507  009.39389458 1
113  51.41806875  009.39382266 1
120 Linear Feature 31
111  51.41803383  009.39388262 1
111  51.41803380  009.39388361 1
111  51.41803430  009.39388367 1
113  51.41803434  009.39388268 1
120 Linear Feature 20
111  51.41805293  009.39388588 1
111  51.41805425  009.39385992 1
111  51.41805448  009.39385995 1
111  51.41805626  009.39387564 1
111  51.41805971  009.39386065 1
111  51.41805991  009.39386068 1
115  51.41805845  009.39388686
120 Linear Feature 30
112  51.41804168  009.39385780  51.41803904  009.39385753 1
112  51.41803845  009.39387144  51.41803801  009.39387827 1
112  51.41804033  009.39388478  51.41804281  009.39388496 1
114  51.41804352  009.39387196  51.41804380  009.39386572 1
120 Linear Feature 29
111  51.41803167  009.39387537 1
111  51.41802426  009.39387434 1
111  51.41803074  009.39385704 1
115  51.41802942  009.39388334
120 Linear Feature 28
111  51.41801767  009.39386071 1
112  51.41802018  009.39385557  51.41802269  009.39385604 1
112  51.41801979  009.39386942  51.41801673  009.39387446 1
111  51.41801644  009.39388175 1
115  51.41802205  009.39388249
120 Linear Feature 27
111  51.41805915  009.39385433 1
111  51.41806067  009.39382820 1
111  51.41806096  009.39382824 1
111  51.41806370  009.39385491 1
111  51.41806396  009.39385497 1
115  51.41806522  009.39382880
120 Linear Feature 22
111  51.41805376  009.39384451 1
115  51.41805751  009.39384496
120 Linear Feature 21
111  51.41805233  009.39385340 1
111  51.41805376  009.39384451 1
111  51.41805639  009.39382777 1
111  51.41805646  009.39382778 1
111  51.41805751  009.39384496 1
115  51.41805808  009.39385425
120 Linear Feature 26
111  51.41804748  009.39385280 1
111  51.41804912  009.39382675 1
111  51.41805138  009.39382698 1
112  51.41805343  009.39383443  51.41805310  009.39384140 1
111  51.41805049  009.39384047 1
115  51.41804834  009.39384019
120 Linear Feature 25
112  51.41804667  009.39383085  51.41804696  009.39382598 1
112  51.41804218  009.39382933  51.41804098  009.39383555 1
112  51.41804578  009.39384892  51.41804450  009.39385581 1
116  51.41804086  009.39384643  51.41804119  009.39384087
120 Linear Feature 24
111  51.41803145  009.39382480 1
115  51.41803505  009.39385167
120 Linear Feature 23
111  51.41803014  009.39385109 1
115  51.41803625  009.39382544
120 Linear Feature 22
111  51.41802442  009.39384106 1
115  51.41802817  009.39384151
120 Linear Feature 21
111  51.41802299  009.39384995 1
111  51.41802442  009.39384106 1
111  51.41802704  009.39382432 1
111  51.41802714  009.39382434 1
111  51.41802817  009.39384151 1
115  51.41802875  009.39385080
120 Linear Feature 20
111  51.41801620  009.39384906 1
111  51.41801751  009.39382309 1
111  51.41801774  009.39382312 1
111  51.41801952  009.39383881 1
111  51.41802298  009.39382383 1
111  51.41802317  009.39382385 1
115  51.41802171  009.39385003
120 Linear Feature 33
111  51.41752591  009.39771684 1
111  51.41757074  009.39772286 1
111  51.41757523  009.39763654 1
113  51.41753038  009.39763058 1
120 Linear Feature 31
111  51.41756775  009.39768662 1
111  51.41756837  009.39768668 1
111  51.41756840  009.39768587 1
113  51.41756779  009.39768580 1
120 Linear Feature 20
111  51.41756980  009.39765599 1
111  51.41755361  009.39765387 1
111  51.41755362  009.39765350 1
111  51.41756341  009.39765066 1
111  51.41755407  009.39764510 1
111  51.41755409  009.39764479 1
115  51.41757041  009.39764716
120 Linear Feature 30
112  51.41755228  009.39767403  51.41755211  009.39767826 1
112  51.41756078  009.39767921  51.41756504  009.39767992 1
112  51.41756910  009.39767620  51.41756922  009.39767223 1
114  51.41756111  009.39767108  51.41755721  009.39767063 1
120 Linear Feature 29
111  51.41756323  009.39769009 1
111  51.41756257  009.39770197 1
111  51.41755179  009.39769156 1
115  51.41756819  009.39769369
120 Linear Feature 28
111  51.41755407  009.39771252 1
112  51.41755087  009.39770849  51.41755116  009.39770447 1
112  51.41755950  009.39770912  51.41756264  009.39771404 1
111  51.41756719  009.39771451 1
115  51.41756766  009.39770552
120 Linear Feature 27
111  51.41755013  009.39764600 1
111  51.41753383  009.39764355 1
111  51.41753386  009.39764308 1
111  51.41755049  009.39763870 1
111  51.41755053  009.39763830 1
115  51.41753421  009.39763626
120 Linear Feature 22
111  51.41754400  009.39765465 1
115  51.41754428  009.39764863
120 Linear Feature 21
111  51.41754954  009.39765694 1
111  51.41754400  009.39765465 1
111  51.41753356  009.39765040 1
111  51.41753357  009.39765029 1
111  51.41754428  009.39764863 1
115  51.41755008  009.39764771
120 Linear Feature 26
111  51.41754916  009.39766471 1
111  51.41753292  009.39766206 1
111  51.41753306  009.39765844 1
112  51.41753771  009.39765515  51.41754205  009.39765569 1
111  51.41754147  009.39765988 1
115  51.41754130  009.39766332
120 Linear Feature 25
112  51.41753547  009.39766600  51.41753243  009.39766553 1
112  51.41753452  009.39767320  51.41753840  009.39767512 1
112  51.41754674  009.39766744  51.41755104  009.39766949 1
116  51.41754518  009.39767532  51.41754172  009.39767479
120 Linear Feature 24
111  51.41753169  009.39769039 1
115  51.41754845  009.39768464
120 Linear Feature 23
111  51.41754808  009.39769252 1
115  51.41753209  009.39768271
120 Linear Feature 22
111  51.41754182  009.39770169 1
115  51.41754211  009.39769567
120 Linear Feature 21
111  51.41754737  009.39770398 1
111  51.41754182  009.39770169 1
111  51.41753138  009.39769747 1
111  51.41753139  009.39769731 1
111  51.41754211  009.39769567 1
115  51.41754790  009.39769475
120 Linear Feature 20
111  51.41754680  009.39771488 1
111  51.41753061  009.39771275 1
111  51.41753063  009.39771237 1
111  51.41754042  009.39770954 1
111  51.41753107  009.39770398 1
111  51.41753109  009.39770367 1
115  51.41754742  009.39770604
120 Linear Feature 22
111  51.41854300  009.40947079 6 104
115  51.41838943  009.40976932
120 Linear Feature 21
111  51.41893033  009.40240173 6 104
115  51.41890876  009.40279192
120 Linear Feature 20
111  51.41970452  009.38835721 6 104
115  51.41966460  009.38895036
120 Linear Feature 19
111  51.42029100  009.37413171 6 104
115  51.42043053  009.37446824
120 Linear Feature 18
111  51.42093117  009.37414003 4
115  51.42091435  009.37444239
120 Linear Feature 17
111  51.42015054  009.38858878 4
115  51.42013246  009.38891957
120 Linear Feature 16
111  51.41926141  009.40225509 4
115  51.41941003  009.40243860
120 Linear Feature 15
111  51.41902066  009.40965002 4
115  51.41900335  009.40994269
120 Linear Feature 29
111  51.41874529  009.39855518 52
115  51.41894221  009.39857938
120 Linear Feature 28
111  51.41845346  009.39751347 52
115  51.41842118  009.39806478
120 Linear Feature 27
111  51.41901934  009.39715184 52
115  51.41882479  009.39712681
120 Linear Feature 26
111  51.41900732  009.39436539 52
115  51.41916877  009.39438636
120 Linear Feature 25
111  51.41868006  009.39332832 52
115  51.41865467  009.39383391
120 Linear Feature 24
111  51.41924611  009.39295492 52
115  51.41908481  009.39293191
120 Linear Feature 23
111  51.41923809  009.38934159 52
115  51.41946918  009.38937037
120 Linear Feature 22
111  51.41896428  009.38828450 52
115  51.41893778  009.38885335
120 Linear Feature 21
111  51.41959321  009.38796421 52
115  51.41928249  009.38791900
120 Main taxiway center line
111  51.42164998  009.37611803 1
112  51.42169763  009.37524072  51.42171111  009.37499168 1 105
112  51.42132889  009.37432591  51.42107722  009.37429008 1 105
111  51.42093369  009.37427067 105
111  51.42091433  009.37426798 7 105
111  51.42050980  009.37421172 1 105
112  51.42047022  009.37420600  51.42046456  009.37420511
111  51.42047022  009.37420600
112  51.42047022  009.37420600  51.42042495  009.37419888 1 105
112  51.42033971  009.37424866  51.42030607  009.37428041 1 101
112  51.42014735  009.37477114  51.42012983  009.37509954 1 101
111  51.41985538  009.38017666 1 101
111  51.41942352  009.38816867 1 101
111  51.41937145  009.38913225 1 101
111  51.41922221  009.39189405 1 101
111  51.41914871  009.39325428 1 101
111  51.41910463  009.39406988 1 101
111  51.41892508  009.39739238 1 101
111  51.41887449  009.39832844 1 101
111  51.41867246  009.40206703 1 101
111  51.41859081  009.40357785 1 101
112  51.41830413  009.40888256  51.41827502  009.40942074 1 101
112  51.41845254  009.40964702  51.41848332  009.40968315 1 105
112  51.41864667  009.40976278  51.41874409  009.40977640 7 105
111  51.41900141  009.40981205 105
111  51.41901979  009.40981460 1 105
112  51.41936180  009.40986194  51.41948885  009.40987947 1 105
112  51.41970726  009.40961416  51.41980176  009.40945725 1 105
112  51.41986924  009.40907398  51.41987865  009.40889749 1
115  51.41991559  009.40821615
120 Linear Feature 12
111  51.41966650  009.38868839 1 101
112  51.41948660  009.38882454  51.41939559  009.38893683 1 101
111  51.41937145  009.38913225 1 101
112  51.41928616  009.38879240  51.41921011  009.38864498 1 101
111  51.41912865  009.38861372 1 101
112  51.41931772  009.38847664  51.41939737  009.38836859 1 101
111  51.41942352  009.38816867 1 101
114  51.41950231  009.38850998  51.41957658  009.38862910 1 101
120 B turnoff centerline
111  51.42050200  009.39736459 1 105
112  51.42045573  009.39822026  51.42043766  009.39855310 1 105
112  51.42028249  009.39956826  51.42015336  009.40022067 1 105
112  51.41983969  009.40114704  51.41974956  009.40136823 1 105
112  51.41935308  009.40234173  51.41925629  009.40257853
111  51.41935308  009.40234173
112  51.41935308  009.40234173  51.41934704  009.40235653 105
112  51.41933495  009.40238433  51.41932891  009.40239794 7 105
112  51.41931686  009.40242340  51.41931083  009.40243584
111  51.41931686  009.40242340
112  51.41931686  009.40242340  51.41930481  009.40244829 7 105
112  51.41928086  009.40249136  51.41926891  009.40251183
111  51.41928086  009.40249136
112  51.41928086  009.40249136  51.41925696  009.40253230 7 105
112  51.41921010  009.40258959  51.41918689  009.40261452
111  51.41921010  009.40258959
112  51.41921010  009.40258959  51.41916368  009.40263944 7 105
112  51.41907750  009.40265895  51.41903602  009.40265834
111  51.41907750  009.40265895
112  51.41907750  009.40265895  51.41899455  009.40265774 1 105
112  51.41891642  009.40265479  51.41885903  009.40265230 1 101
112  51.41875257  009.40246159  51.41870703  009.40236035 1 101
116  51.41867246  009.40206703  51.41867795  009.40195167
120 Linear Feature 16
112  51.41887449  009.39832844  51.41888282  009.39812517 1 101
112  51.41862387  009.39782356  51.41850595  009.39780694 1 101
111  51.41845891  009.39780060
111  51.41838635  009.39779056 51
111  51.41814272  009.39775685 51
111  51.41807347  009.39774767 51
112  51.41792138  009.39772603  51.41784969  009.39771464 51
112  51.41774519  009.39741182  51.41775284  009.39727926 51
112  51.41777365  009.39685957  51.41777937  009.39673975 51
112  51.41784554  009.39653381  51.41787866  009.39643496 51
112  51.41791781  009.39622830  51.41792378  009.39611227 51
111  51.41803808  009.39389100
111  51.41804178  009.39381912 51
112  51.41805149  009.39363188  51.41805374  009.39359164 51
112  51.41810920  009.39354571  51.41813165  009.39354870 51
111  51.41838144  009.39357831 51
111  51.41860957  009.39360543
111  51.41867176  009.39361282 1
111  51.41869298  009.39361535 1 101
112  51.41886177  009.39363544  51.41899064  009.39365083
111  51.41886177  009.39363544
112  51.41886177  009.39363544  51.41890485  009.39364059 1 101
112  51.41899120  009.39357209  51.41903252  009.39352990
111  51.41899120  009.39357209
112  51.41899120  009.39357209  51.41900380  009.39355922 101
112  51.41902780  009.39352950  51.41903955  009.39351412
111  51.41902780  009.39352950
112  51.41902780  009.39352950  51.41909275  009.39344447 1 101
116  51.41914871  009.39325428  51.41916033  009.39312387
120 Linear Feature 17
112  51.41910463  009.39406988  51.41910829  009.39398612 1 101
112  51.41902118  009.39379404  51.41897129  009.39370777
111  51.41902118  009.39379404
112  51.41902118  009.39379404  51.41901802  009.39378857 1 101
112  51.41901155  009.39377788  51.41900829  009.39377258
111  51.41901155  009.39377788
112  51.41901155  009.39377788  51.41900083  009.39376043 101
112  51.41897822  009.39372880  51.41896681  009.39371366
111  51.41897822  009.39372880
112  51.41897822  009.39372880  51.41893842  009.39367598 1 101
116  51.41886177  009.39363544  51.41881479  009.39362985
120 Linear Feature 18
112  51.41892508  009.39739238  51.41891145  009.39757659 1 101
116  51.41862387  009.39782356  51.41850595  009.39780694
120 Linear Feature 34
112  51.42067961  009.38882903  51.42082607  009.38884942 1 105
112  51.42099295  009.38828091  51.42100666  009.38802583 1
115  51.42103973  009.38741443
120 Linear Feature 33
111  51.42088233  009.39031467 1
112  51.42092882  009.38945432  51.42094383  009.38916856 1 105
112  51.42067961  009.38882903  51.42053314  009.38880865 1 105
111  51.42015027  009.38875553 105
111  51.42013224  009.38875303 7 105
111  51.41972767  009.38869688 1 105
111  51.41968231  009.38869058 1 101
111  51.41966650  009.38868839 1 101
111  51.41912865  009.38861372 1 101
111  51.41900635  009.38859674 1
111  51.41895523  009.38858965
111  51.41893179  009.38858639 51
111  51.41816136  009.38847944 51
111  51.41749719  009.38838723 51
111  51.41690552  009.38830509 51
112  51.41688776  009.38811379  51.41689542  009.38797607 51
111  51.41698364  009.38791239 51
111  51.41701884  009.38724660 51
112  51.41711730  009.38722254  51.41717940  009.38722911 51
112  51.41727881  009.38749604  51.41729066  009.38767688 51
111  51.41717730  009.38778247 51
115  51.41716295  009.38804263
120 Linear Feature 2
111  51.41749719  009.38838723 51
112  51.41747576  009.38820461  51.41748387  009.38806364 51
111  51.41757668  009.38799623 51
111  51.41761226  009.38733853 51
112  51.41748801  009.38728239  51.41741416  009.38729878 51
112  51.41732564  009.38755300  51.41731712  009.38771149 51
111  51.41739794  009.38781964 51
115  51.41738452  009.38807468
120 Linear Feature 1
111  51.41850994  009.38824534 51
111  51.41852750  009.38796214 51
112  51.41864488  009.38759459  51.41862926  009.38735612 51
112  51.41842305  009.38722085  51.41831870  009.38720782 51
111  51.41825371  009.38729600 51
111  51.41821684  009.38799338 51
112  51.41811999  009.38822784  51.41811062  009.38839617 51
115  51.41816136  009.38847944
120 Linear Feature 3
111  51.41827763  009.38732436 51
115  51.41822722  009.38731736
120 Linear Feature 3
111  51.41763310  009.38742567 51
111  51.41758268  009.38741867
111  51.41703900  009.38734319 51
115  51.41698851  009.38733618
120 Linear Feature 4
111  51.41805149  009.39363188 51
112  51.41801632  009.39348218  51.41798089  009.39341717 51
111  51.41796470  009.39338768
111  51.41793508  009.39333348 51
112  51.41765698  009.39282418  51.41763491  009.39278305 51
112  51.41755786  009.39274295  51.41751945  009.39273747 51
115  51.41736922  009.39271626
120 Linear Feature 5
112  51.41810920  009.39354571  51.41808675  009.39354272 51
116  51.41801632  009.39348218  51.41799850  009.39344975
120 Linear Feature 6
112  51.41807347  009.39774767  51.41805487  009.39774973 51
112  51.41799095  009.39785245  51.41798670  009.39792487 51
115  51.41796564  009.39829051
120 Linear Feature 7
112  51.41799095  009.39785245  51.41799519  009.39778004 51
111  51.41792138  009.39772603 51
111  51.41775342  009.39770381 51
111  51.41766097  009.39769149 51
111  51.41758913  009.39768191 51
111  51.41757303  009.39767973
111  51.41752777  009.39767358 51
112  51.41727883  009.39763989  51.41720760  009.39763032 51
112  51.41717927  009.39777118  51.41717638  009.39782642 51
115  51.41710366  009.39916490
120 Linear Feature 8
112  51.41774519  009.39741182  51.41774006  009.39750067 51
112  51.41772417  009.39762981  51.41771487  009.39768512
111  51.41772417  009.39762981
112  51.41772417  009.39762981  51.41771959  009.39765703 51
112  51.41770830  009.39769759  51.41770225  009.39771542
111  51.41770830  009.39769759
112  51.41770830  009.39769759  51.41768995  009.39775165 51
112  51.41766933  009.39782678  51.41766641  009.39788245 51
115  51.41764602  009.39825795
120 Linear Feature 9
111  51.41775342  009.39770381 51
112  51.41766933  009.39782678  51.41766041  009.39792164
111  51.41766933  009.39782678
112  51.41766933  009.39782678  51.41767402  009.39773118 51
115  51.41758913  009.39768191
120 Linear Feature 10
112  51.41772417  009.39762981  51.41771895  009.39765875 51
116  51.41766331  009.39769132  51.41764359  009.39768906
120 Linear Feature 71
111  51.41838321  009.39948204 20
115  51.41829875  009.39947229
120 Linear Feature 70
111  51.41822272  009.39813155 20
111  51.41821413  009.39831051 20
111  51.41842550  009.39871015 20
111  51.41838321  009.39948204 20
115  51.41834023  009.40026660
120 Linear Feature 11
111  51.41716821  009.39983848 20
115  51.41726771  009.39801613
120 Linear Feature 11
111  51.41760396  009.39990303 20
115  51.41770347  009.39808067
120 Linear Feature 11
111  51.41794402  009.39995093 20
115  51.41804359  009.39812745
120 Linear Feature 17
112  51.41791288  009.38620979  51.41791770  009.38619149 20
112  51.41864109  009.38344787  51.41865887  009.38338057 20
111  51.41861027  009.38334256 20
112  51.41709941  009.38313196  51.41703766  009.38312313 20
112  51.41700748  009.38325773  51.41700282  009.38334385 20
112  51.41686454  009.38592554  51.41685744  009.38605449 20
112  51.41693759  009.38612435  51.41700592  009.38613339 20
114  51.41784372  009.38624790  51.41789498  009.38625528 20
120 Linear Feature 18
112  51.41673207  009.38978038  51.41670250  009.38977563 20
112  51.41666530  009.38960846  51.41667338  009.38946996 20
112  51.41670375  009.38888582  51.41670708  009.38882150 20
112  51.41678287  009.38876460  51.41682988  009.38877133 20
112  51.41775159  009.38889146  51.41778027  009.38889512 20
112  51.41784800  009.38878869  51.41785256  009.38871531 21
111  51.41788631  009.38808633 20
111  51.41794400  009.38701300 20
112  51.41797535  009.38642026  51.41797796  009.38637193 20
112  51.41798359  009.38621870  51.41801102  009.38611496 20
112  51.41871018  009.38346222  51.41873286  009.38337618 20
111  51.41875249  009.38336238 20
115  51.41923678  009.38342988
120 Linear Feature 20
111  51.41924302  009.38331495 20
111  51.41744398  009.38306076 20
112  51.41704063  009.38300378  51.41698122  009.38299548 22
112  51.41693663  009.38312873  51.41693268  009.38320397 20
112  51.41658536  009.38969718  51.41657918  009.38981271 22
116  51.41667315  009.38988822  51.41673141  009.38989876
120 Linear Feature 21
111  51.41744398  009.38306076 20
111  51.41746137  009.38274967 20
112  51.41734517  009.38261079  51.41726909  009.38259385 20
112  51.41709103  009.38257869  51.41702516  009.38257361 20
112  51.41696997  009.38273680  51.41696143  009.38283755 20
111  51.41695829  009.38289327 20
116  51.41704063  009.38300378  51.41712945  009.38301937
120 Linear Feature 22
111  51.41691530  009.38277758 20
112  51.41692289  009.38296786  51.41693482  009.38305776 20
115  51.41693663  009.38312873
120 Linear Feature 24
111  51.41869651  009.38336918 20
111  51.41866252  009.38349817 22
111  51.41796933  009.38612847 20
115  51.41793429  009.38626143
120 Linear Feature 23
111  51.41875249  009.38336238 22
115  51.41861027  009.38334256
120 Linear Feature 25
112  51.41683879  009.38635896  51.41683498  009.38642777 20
112  51.41672173  009.38856566  51.41671924  009.38861241 20
112  51.41678010  009.38865338  51.41682809  009.38866020 20
112  51.41769433  009.38877605  51.41776233  009.38878483 21
112  51.41778749  009.38865332  51.41779190  009.38857354 21
111  51.41781892  009.38807878 20
112  51.41790503  009.38650461  51.41791118  009.38639292 20
112  51.41782374  009.38635548  51.41777438  009.38634823 20
114  51.41692412  009.38623579  51.41688312  009.38623007 20
120 Linear Feature 28
111  51.41677891  009.38607656 22
112  51.41681631  009.38618908  51.41684858  009.38622453 22
116  51.41692412  009.38623579  51.41695937  009.38624154
120 Linear Feature 27
112  51.41678010  009.38865338  51.41674684  009.38864847 22
112  51.41667670  009.38866950  51.41664989  009.38870163 22
115  51.41663622  009.38875414
120 Linear Feature 26
111  51.41797125  009.38635645 22
112  51.41793717  009.38627879  51.41791493  009.38625719 22
115  51.41786841  009.38624880
120 Linear Feature 29
111  51.41931940  009.38344090 20
111  51.41932328  009.38338309 22
111  51.41708043  009.38306663 22
112  51.41700018  009.38310431  51.41697343  009.38315706 22
111  51.41696911  009.38324322 22
111  51.41682377  009.38595888
111  51.41681051  009.38620660 20
111  51.41680419  009.38632466 22
111  51.41668492  009.38855327 20
111  51.41667959  009.38865297
111  51.41666826  009.38886469 22
111  51.41662496  009.38967359 22
112  51.41663877  009.38977296  51.41665684  009.38980716 22
115  51.41668655  009.38982480
120 Linear Feature 30
111  51.41682377  009.38595888 22
112  51.41684852  009.38613535  51.41688012  009.38617253 22
111  51.41693217  009.38617965 22
111  51.41785631  009.38630479 22
112  51.41791995  009.38635339  51.41794252  009.38639549 22
111  51.41794050  009.38646984 22
111  51.41781980  009.38868828 22
112  51.41778874  009.38880780  51.41776497  009.38883936 22
111  51.41772257  009.38883267 22
111  51.41675168  009.38870550 22
112  51.41669301  009.38875040  51.41667209  009.38880206 22
115  51.41666826  009.38886469
120 Linear Feature 65
111  51.41879967  009.39016578 20
111  51.41863338  009.39325821
111  51.41861810  009.39354242 21
111  51.41860710  009.39374693 20
111  51.41840960  009.39741969 21
115  51.41837020  009.39815252
120 Linear Feature 64
111  51.41842828  009.39816119 20
111  51.41843379  009.39805868
111  51.41846113  009.39754963 20
111  51.41865914  009.39386237
111  51.41869167  009.39325649 20
115  51.41885724  009.39017331
120 Linear Feature 4
111  51.41863338  009.39325821 21
112  51.41854947  009.39333278  51.41848728  009.39332145 21
112  51.41843130  009.39323858  51.41836911  009.39323046 20
111  51.41802315  009.39318678 21
112  51.41785591  009.39316527  51.41781665  009.39315973 21
112  51.41777959  009.39329974  51.41777585  009.39336155 21
111  51.41777580  009.39336637 22
111  51.41775871  009.39368042 20
112  51.41762406  009.39614556  51.41761999  009.39621654
111  51.41762406  009.39614556
112  51.41762406  009.39614556  51.41761883  009.39623679 20
112  51.41757417  009.39635419  51.41754038  009.39645180 20
112  51.41748753  009.39683429  51.41747167  009.39711854 20
111  51.41745474  009.39743594 21
112  51.41743527  009.39779826  51.41743209  009.39785663 21
112  51.41736905  009.39788582  51.41733954  009.39789343
111  51.41736905  009.39788582
112  51.41736905  009.39788582  51.41734493  009.39789204 20
111  51.41732348  009.39788892 20
111  51.41732074  009.39793996 22
112  51.41789002  009.39801510  51.41797163  009.39802588 22
116  51.41795899  009.39822726  51.41795523  009.39829462
120 Linear Feature 5
111  51.41861810  009.39354242 21
112  51.41855296  009.39344052  51.41848842  009.39342390 21
112  51.41846609  009.39338985  51.41844517  009.39336682 21
112  51.41841152  009.39334228  51.41839273  009.39333973 20
111  51.41808462  009.39330094 21
112  51.41792535  009.39328082  51.41786681  009.39327337 21
112  51.41783554  009.39347656  51.41782750  009.39362498 20
112  51.41769233  009.39613490  51.41768570  009.39626023 20
112  51.41762330  009.39644227  51.41758573  009.39656797 20
112  51.41755263  009.39684646  51.41754515  009.39698932 20
111  51.41754453  009.39699856 22
111  51.41752535  009.39735297 20
111  51.41752033  009.39744545 21
112  51.41750432  009.39773879  51.41749801  009.39784882 21
112  51.41756865  009.39791633  51.41763146  009.39792565 21
112  51.41794214  009.39796785  51.41799629  009.39797571 21
112  51.41799953  009.39810046  51.41799665  009.39814244 20
115  51.41799110  009.39822661
120 Linear Feature 6
111  51.41807620  009.39726380 22
111  51.41761875  009.39720243 20
115  51.41753497  009.39719080
120 Linear Feature 6
111  51.41807205  009.39731865 21
111  51.41761460  009.39725727 21
116  51.41752535  009.39735297  51.41751761  009.39746293
120 Linear Feature 6
111  51.41807832  009.39721106 21
111  51.41762087  009.39714969 21
116  51.41754453  009.39699856  51.41754920  009.39685185
120 Linear Feature 7
112  51.41792492  009.39821489  51.41792989  009.39813046 20
116  51.41787060  009.39808211  51.41782262  009.39807554
120 Linear Feature 8
111  51.41775864  009.39352593 20
111  51.41766720  009.39351401 22
111  51.41742631  009.39348258 20
115  51.41742417  009.39352668
120 Linear Feature 8
112  51.41777580  009.39336637  51.41777127  009.39343556 20
112  51.41770010  009.39346545  51.41766696  009.39346121 20
115  51.41740690  009.39342721
120 Linear Feature 8
112  51.41775871  009.39368042  51.41776124  009.39362648 20
112  51.41769539  009.39357121  51.41766453  009.39356726 20
111  51.41742237  009.39353560 20
115  51.41737123  009.39349261
120 Linear Feature 9
111  51.41839991  009.39814815 22
115  51.41882760  009.39017812
120 Linear Feature 10
111  51.41862440  009.39339742 22
112  51.41854263  009.39338556  51.41852377  009.39338241 22
112  51.41847861  009.39334098  51.41845727  009.39331004 22
112  51.41841180  009.39329018  51.41838443  009.39328666 22
112  51.41790866  009.39322636  51.41784726  009.39321849 22
112  51.41780548  009.39342343  51.41779728  009.39357241 22
112  51.41766048  009.39609236  51.41765250  009.39623679 22
112  51.41759731  009.39641017  51.41755968  009.39651529 22
112  51.41752156  009.39681090  51.41751027  009.39701100 22
115  51.41746277  009.39789163
120 Linear Feature 14
111  51.41799873  009.39810129 20
115  51.41795767  009.39809550
120 Linear Feature 13
111  51.41748607  009.39742706 20
115  51.41745770  009.39742322
120 Linear Feature 12
111  51.41783292  009.39348028 20
115  51.41780545  009.39347619
120 Linear Feature 11
111  51.41809423  009.39319964 20
115  51.41809181  009.39324581
120 Linear Feature 16
111  51.41777783  009.38882889 20
115  51.41780471  009.38886414
120 Linear Feature 15
111  51.41785200  009.38807693 20
115  51.41782096  009.38807245
120 Linear Feature 46
111  51.41789130  009.38808455 58
112  51.41792444  009.38748556  51.41793703  009.38726417 58
115  51.41811169  009.38703458
120 Linear Feature 45
111  51.41784161  009.38890629 58
111  51.41784746  009.38879345 58
112  51.41678032  009.38864966  51.41674923  009.38864506 58
112  51.41672368  009.38856583  51.41672655  009.38850406 58
111  51.41675697  009.38793513 58
112  51.41678136  009.38748031  51.41679082  009.38730651 58
112  51.41706674  009.38702224  51.41723077  009.38699728 58
111  51.41732692  009.38714241 58
112  51.41764807  009.38714167  51.41779008  009.38729916 58
112  51.41780858  009.38761478  51.41779910  009.38777768 58
111  51.41778394  009.38807045 58
111  51.41789130  009.38808455 58
115  51.41871700  009.38819300
120 Linear Feature 47
111  51.41778394  009.38807045 58
115  51.41675697  009.38793513
120 Linear Feature 83
111  51.41842741  009.39815722 58
111  51.41756127  009.39803927 58
111  51.41756874  009.39790976 58
111  51.41732002  009.39788000 58
115  51.41731300  009.39800900
120 Linear Feature 82
111  51.41806196  009.39681835 58
111  51.41803029  009.39739030 58
115  51.41846554  009.39743805
120 Linear Feature 81
111  51.41735955  009.39292373 58
112  51.41750311  009.39294608  51.41752472  009.39294831 58
112  51.41757350  009.39299860  51.41759998  009.39304665 58
111  51.41783903  009.39348136 58
112  51.41769630  009.39613770  51.41769060  009.39625656 58
112  51.41765448  009.39635510  51.41763611  009.39640793 58
112  51.41755923  009.39687820  51.41754326  009.39717271 58
111  51.41752777  009.39744660 58
115  51.41704992  009.39737617
120 Linear Feature 80
111  51.41868448  009.39337978 58
111  51.41808759  009.39330657 58
112  51.41775956  009.39269403  51.41770306  009.39258451 58
112  51.41756140  009.39253583  51.41747201  009.39252366 58
115  51.41738020  009.39250994
120 Linear Feature 4
112  51.41526050  009.39222952  51.41521410  009.39199258 20
111  51.41524763  009.39138391 22
111  51.41540715  009.38831683 20
111  51.41547159  009.38710072 20
111  51.41544262  009.38709717 20
111  51.41537992  009.38831433 22
112  51.41521816  009.39146463  51.41518979  009.39201557
111  51.41521816  009.39146463
112  51.41521816  009.39146463  51.41520215  009.39177553 20
112  51.41526050  009.39222952  51.41530306  009.39243813
111  51.41526050  009.39222952
112  51.41526050  009.39222952  51.41529336  009.39239058 22
112  51.41540467  009.39266019  51.41546716  009.39279066
111  51.41540467  009.39266019
112  51.41540467  009.39266019  51.41554810  009.39295964 22
112  51.41579121  009.39313048  51.41586871  009.39318589 22
112  51.41611699  009.39323806  51.41624164  009.39325728 22
112  51.41638108  009.39327680  51.41641816  009.39328066
111  51.41638108  009.39327680
112  51.41638108  009.39327680  51.41645524  009.39328452 22
112  51.41660938  009.39346301  51.41667775  009.39361000
111  51.41660938  009.39346301
112  51.41660938  009.39346301  51.41662381  009.39349403 22
112  51.41664180  009.39356329  51.41664929  009.39359889
111  51.41664180  009.39356329
112  51.41664180  009.39356329  51.41666981  009.39369637 20
112  51.41664764  009.39400716  51.41663953  009.39415777
111  51.41664764  009.39400716
112  51.41664764  009.39400716  51.41663736  009.39419806 22
112  51.41635272  009.39952447  51.41634375  009.39967862 20
112  51.41635663  009.39983169  51.41638227  009.39989232 20
112  51.41655573  009.39989474  51.41663392  009.39990810 22
115  51.41695498  009.39995851
120 Linear Feature 3
111  51.41526849  009.38689009 22
115  51.41387570  009.38750830
120 Linear Feature 1
111  51.41564801  009.38333766 22
112  51.41586377  009.37922870  51.41589787  009.37857384 22
112  51.41581695  009.37809733  51.41573081  009.37783079 22
115  51.41540429  009.37755693
120 Linear Feature 11
111  51.41588502  009.38382535 20
111  51.41587223  009.38407775 20
112  51.41580781  009.38404045  51.41576685  009.38403790 20
111  51.41574577  009.38408094 20
112  51.41571789  009.38419233  51.41571320  009.38427028 20
112  51.41561863  009.38611621  51.41561017  009.38628430 20
111  51.41569066  009.38629452 20
111  51.41575893  009.38630344 20
111  51.41574566  009.38658654 20
112  51.41571191  009.38667975  51.41568367  009.38669696 20
111  51.41564459  009.38672270 20
112  51.41558497  009.38657938  51.41553427  009.38651865 20
111  51.41553794  009.38637086 20
111  51.41566414  009.38390425 20
112  51.41571148  009.38376212  51.41575608  009.38370747 20
111  51.41576578  009.38365576 20
114  51.41586360  009.38376694  51.41588779  009.38379505 20
120 Linear Feature 10
111  51.41580471  009.38409509 20
112  51.41574801  009.38421644  51.41574149  009.38433875 20
112  51.41564946  009.38613636  51.41564409  009.38623403 20
113  51.41569815  009.38625170 20
120 Linear Feature 9
111  51.41571484  009.38625460 20
112  51.41577283  009.38613471  51.41577925  009.38600690 20
112  51.41586951  009.38423440  51.41587339  009.38415723 20
113  51.41582481  009.38409748 20
120 Linear Feature 12
111  51.41590177  009.38419997 20
111  51.41579541  009.38629099 20
111  51.41577635  009.38665674 20
112  51.41585680  009.38649296  51.41586351  009.38636143 20
112  51.41596799  009.38428471  51.41597325  009.38417775 20
112  51.41601040  009.38405094  51.41601252  009.38394406 20
111  51.41594044  009.38387236 20
114  51.41593141  009.38407272  51.41592878  009.38412963 20
120 Linear Feature 15
111  51.41602496  009.38422108 20
112  51.41599539  009.38435644  51.41599247  009.38441457 20
115  51.41589420  009.38640280
120 Linear Feature 14
111  51.41607687  009.38408394 20
115  51.41595487  009.38640673
120 Linear Feature 13
111  51.41598651  009.38659385 20
112  51.41611522  009.38408067  51.41612343  009.38392362 20
112  51.41602646  009.38383764  51.41600058  009.38381941 20
115  51.41596692  009.38382115
120 Linear Feature 24
111  51.41589955  009.38668294 20
111  51.41590945  009.38674870 20
111  51.41598814  009.38670276 20
111  51.41610704  009.38671359 20
111  51.41610597  009.38674654 20
111  51.41606071  009.38674220 20
111  51.41604180  009.38709548 20
111  51.41615801  009.38710917 20
115  51.41618031  009.38671873
120 Linear Feature 30
111  51.41563809  009.38379439 20
111  51.41561186  009.38379171 20
111  51.41547517  009.38651451 20
113  51.41550176  009.38651797 20
120 Linear Feature 31
111  51.41599185  009.38951711 20
112  51.41601026  009.38958705  51.41600829  009.38964680 20
111  51.41595513  009.38965065 20
112  51.41548070  009.38958288  51.41540323  009.38957509 20
112  51.41538046  009.38937793  51.41538389  009.38929557 20
112  51.41549344  009.38724039  51.41550166  009.38707599 20
112  51.41561562  009.38698921  51.41565427  009.38690377 20
112  51.41573894  009.38675428  51.41582521  009.38671609 20
111  51.41589955  009.38668294 20
116  51.41601560  009.38648350  51.41602549  009.38632943
120 Linear Feature 32
111  51.41609705  009.38967193 20
111  51.41614339  009.38967683 20
112  51.41617831  009.38961208  51.41618438  009.38956835 20
112  51.41612547  009.38949808  51.41608328  009.38949422 20
114  51.41606432  009.38959963  51.41606776  009.38964406 20
120 Linear Feature 33
111  51.41625479  009.38982831 20
111  51.41613575  009.38977254 20
111  51.41596356  009.38974793 20
112  51.41591219  009.38982743  51.41590651  009.38992908 20
115  51.41595081  009.38993340
120 Linear Feature 34
111  51.41603784  009.38392223 22
111  51.41596692  009.38382115 20
111  51.41580745  009.38362589 20
112  51.41577344  009.38353551  51.41576257  009.38348079 20
112  51.41572141  009.38339489  51.41570056  009.38336280 20
116  51.41570133  009.38316046  51.41570773  009.38304284
120 Linear Feature 35
112  51.41561782  009.38314028  51.41561170  009.38326142 20
112  51.41556696  009.38338691  51.41553909  009.38341570 20
112  51.41550263  009.38353887  51.41549869  009.38361237 20
112  51.41554234  009.38372479  51.41557361  009.38377744 20
112  51.41557302  009.38398033  51.41556772  009.38409278 20
112  51.41545234  009.38635127  51.41544271  009.38654105 20
112  51.41534128  009.38660938  51.41529231  009.38669394 20
116  51.41519415  009.38684111  51.41509503  009.38688431
120 Linear Feature 38
111  51.41555397  009.38374669 22
112  51.41562624  009.38379254  51.41566218  009.38379621 22
115  51.41570140  009.38377381
120 Linear Feature 37
111  51.41572141  009.38339489 22
112  51.41564991  009.38335717  51.41561324  009.38335198 22
115  51.41557185  009.38338127
120 Linear Feature 36
111  51.41576578  009.38365576 22
116  51.41577344  009.38353551  51.41576963  009.38348980
120 Linear Feature 39
111  51.41594044  009.38387236 22
115  51.41588041  009.38379296
120 Linear Feature 41
111  51.41557247  009.38656195 22
112  51.41548917  009.38651741  51.41543393  009.38650933 22
115  51.41539622  009.38654119
120 Linear Feature 40
112  51.41564657  009.38689270  51.41565835  009.38682735 22
115  51.41564459  009.38672270
120 Linear Feature 43
111  51.41537616  009.38705305 22
112  51.41546069  009.38709680  51.41550768  009.38710413 22
115  51.41555056  009.38707447
120 Linear Feature 42
111  51.41529497  009.38672251 22
112  51.41529721  009.38688726  51.41531121  009.38696425 22
115  51.41534130  009.38701077
120 Linear Feature 44
111  51.41501788  009.38939054 20
112  51.41505684  009.38948114  51.41511328  009.38948878 20
111  51.41524240  009.38950518 20
112  51.41529045  009.38944302  51.41529300  009.38939234 20
111  51.41540498  009.38722737 20
112  51.41536036  009.38703060  51.41530792  009.38696744 20
115  51.41522841  009.38699620
120 Linear Feature 48
111  51.41532196  009.39054212 22
111  51.41529689  009.39103332 22
115  51.41527478  009.39146660
120 Linear Feature 49
111  51.41585015  009.39008205 20
111  51.41586293  009.38977215 20
112  51.41581396  009.38972475  51.41576553  009.38971856 20
111  51.41550308  009.38968316 20
112  51.41547188  009.38967875  51.41544068  009.38967434 20
112  51.41535871  009.38982151  51.41535335  009.38992704 20
115  51.41532196  009.39054212
120 Linear Feature 2
111  51.41775370  009.40016127 20
112  51.41768351  009.40010520  51.41764075  009.40009898 20
112  51.41655970  009.39994207  51.41651729  009.39993560 20
112  51.41642092  009.39993828  51.41636040  009.39993884 20
112  51.41631196  009.39988208  51.41629217  009.39983525 20
112  51.41630819  009.39965244  51.41632213  009.39951956 20
111  51.41633118  009.39939735 20
112  51.41660841  009.39419764  51.41661481  009.39407541 20
112  51.41656020  009.39350921  51.41647995  009.39336056 20
112  51.41629079  009.39330852  51.41624548  009.39330087 20
112  51.41611968  009.39328040  51.41594858  009.39325228 20
112  51.41574277  009.39313914  51.41562554  009.39305571 20
112  51.41533689  009.39257524  51.41520693  009.39226552 20
112  51.41519256  009.39182860  51.41519045  009.39172135 20
112  51.41519893  009.39124986  51.41521090  009.39101617 20
112  51.41527407  009.38976919  51.41527623  009.38972388 20
111  51.41523282  009.38969592 20
111  51.41504727  009.38967188 20
112  51.41495984  009.38953842  51.41491731  009.38940333 20
115  51.41486127  009.38942282
120 Linear Feature 17
111  51.41527478  009.39146660 20
112  51.41526326  009.39169218  51.41525175  009.39191775 20
112  51.41538866  009.39251280  51.41551099  009.39281810 20
112  51.41573520  009.39302497  51.41580356  009.39308507 20
112  51.41612631  009.39319377  51.41628187  009.39321462 20
111  51.41633512  009.39322221 20
112  51.41657376  009.39332805  51.41668666  009.39344431
111  51.41657376  009.39332805
112  51.41657376  009.39332805  51.41664092  009.39339721 22
112  51.41668238  009.39360833  51.41669398  009.39371183
111  51.41668238  009.39360833
112  51.41668238  009.39360833  51.41669028  009.39367882 20
112  51.41668668  009.39380059  51.41668365  009.39385379
111  51.41668668  009.39380059
112  51.41668668  009.39380059  51.41667921  009.39393189 20
111  51.41666987  009.39411463 22
111  51.41665490  009.39439448 20
111  51.41660581  009.39531145 22
111  51.41659403  009.39553157 20
111  51.41653680  009.39660079 22
111  51.41652589  009.39680462 20
111  51.41637933  009.39954259 20
112  51.41640368  009.39977657  51.41643846  009.39984003 20
111  51.41650841  009.39984205 20
115  51.41797372  009.40005267
120 Linear Feature 10
111  51.41676003  009.39416275 20
112  51.41671699  009.39423601  51.41666859  009.39423052 20
115  51.41666987  009.39411463
120 Linear Feature 9
111  51.41682852  009.39389485 20
111  51.41682095  009.39407420 20
112  51.41681330  009.39425830  51.41680878  009.39436597 20
115  51.41687088  009.39442994
120 Linear Feature 8
111  51.41737123  009.39349261 20
111  51.41723247  009.39347654 20
111  51.41695746  009.39343551 20
111  51.41685745  009.39342238 20
112  51.41674649  009.39344119  51.41668572  009.39346536 20
115  51.41668238  009.39360833
120 Linear Feature 7
111  51.41657376  009.39332805 20
112  51.41668460  009.39337547  51.41673319  009.39336961 20
112  51.41679915  009.39333665  51.41681985  009.39333453 20
112  51.41687985  009.39333788  51.41690872  009.39334165 20
112  51.41726380  009.39339119  51.41727779  009.39339299 20
112  51.41729276  009.39342260  51.41730278  009.39343513 20
112  51.41733395  009.39344536  51.41735003  009.39344761 20
115  51.41737385  009.39345052
120 Linear Feature 11
111  51.41660581  009.39531145 20
112  51.41664076  009.39538376  51.41667042  009.39538680 20
112  51.41671214  009.39539080  51.41674104  009.39539411 20
112  51.41676592  009.39531046  51.41676888  009.39525047 20
111  51.41680045  009.39460781 20
111  51.41684503  009.39461335 20
111  51.41684715  009.39456915 20
112  51.41676797  009.39445518  51.41674205  009.39438073 20
112  51.41670302  009.39433425  51.41666910  009.39432966 20
115  51.41665490  009.39439448
120 Linear Feature 12
111  51.41653680  009.39660079 20
112  51.41657321  009.39665826  51.41660124  009.39666201 20
112  51.41664758  009.39666707  51.41667522  009.39667019 20
112  51.41669858  009.39659458  51.41670106  009.39654806 20
112  51.41675265  009.39556216  51.41675533  009.39551084 20
112  51.41671045  009.39547989  51.41668035  009.39547609 20
112  51.41663589  009.39547014  51.41660689  009.39546565 20
115  51.41659403  009.39553157
120 Linear Feature 13
111  51.41652589  009.39680462 20
112  51.41658570  009.39674381  51.41664203  009.39675312 20
111  51.41683683  009.39678082 20
115  51.41685241  009.39647328
120 Linear Feature 14
111  51.41524763  009.39138391 20
115  51.41521816  009.39146463
120 Linear Feature 15
112  51.41532196  009.39054212  51.41531617  009.39064887 20
112  51.41544047  009.39078350  51.41553426  009.39079743 20
111  51.41817983  009.39114078 20
112  51.41827215  009.39107388  51.41831173  009.39099576 20
111  51.41836621  009.39099582 20
111  51.41846055  009.39100813 20
111  51.41844690  009.39126266 20
112  51.41543631  009.39087001  51.41540230  009.39086494 20
112  51.41529689  009.39103332  51.41528820  009.39120411 20
112  51.41541977  009.39125050  51.41551414  009.39126535 20
111  51.41842006  009.39165775 20
111  51.41841262  009.39190365 20
111  51.41824817  009.39188703 20
111  51.41824867  009.39184570 20
112  51.41820681  009.39175947  51.41818417  009.39171682 20
111  51.41814941  009.39170969 20
112  51.41541530  009.39133856  51.41534530  009.39132759 20
116  51.41527478  009.39146660  51.41527020  009.39154783
120 Linear Feature 16
111  51.41664764  009.39400716 20
112  51.41662894  009.39364245  51.41660165  009.39347384
111  51.41662894  009.39364245
112  51.41662894  009.39364245  51.41661816  009.39357583 22
112  51.41657706  009.39346925  51.41655234  009.39342501
111  51.41657706  009.39346925
112  51.41657706  009.39346925  51.41648978  009.39331304 22
116  51.41629361  009.39326507  51.41625930  009.39325943
120 Linear Feature 17
111  51.41664180  009.39356329 20
115  51.41662894  009.39364245
120 Linear Feature 19
111  51.41529045  009.38944302 22
115  51.41527407  009.38976919
120 Linear Feature 18
111  51.41538046  009.38937793 22
115  51.41535871  009.38982151
21  51.42189500  009.38022900 2 94.9500 3.00 PAPI 09
21  51.41967200  009.40438300 2 274.9500 3.00 PAPI 27
20  51.42031565  009.37523070 287.2700 0 3 {@L}L{@Y}E{^r}
20  51.42031971  009.37518578 96.4800 0 3 {@L}L
20  51.41893700  009.40180600 90.6900 0 3 {@Y,^l}B{@L}L
20  51.41973887  009.38797576 87.7600 0 3 {@Y,^l}C{@L}L{@Y}E2{^r}
20  51.41849835  009.40875586 84.1600 0 3 {@Y}{^l}A{@L}L
20  51.41849635  009.40878705 271.0400 0 3 {@L}L
20  51.42023944  009.37400497 -33.2100 0 3 {@L}E{@R}CAT_{r2}/{r3}|09
20  51.42048336  009.37458471 326.4100 0 3 {@R}09|CAT_{r2}/{r3}{@L}E
20  51.41976234  009.38824597 6.7100 0 3 {@L}C{@R}CAT_{r2}/{r3}|09-27
20  51.41969293  009.38908395 6.0400 0 3 {@R}09-27|CAT_{r2}/{r3}{@L}C
20  51.41898474  009.40230012 5.4000 0 3 {@L}B{@R}CAT_{r2}/{r3}|09-27
20  51.41895053  009.40292860 24.4600 0 3 {@R}09-27|CAT_{r2}/{r3}{@L}B
20  51.41833350  009.40988010 50.0800 0 3 {@R}27|CAT_{r2}/{r3}{@L}A
20  51.41859967  009.40936242 40.1300 0 3 {@L}A{@R}CAT_{r2}/{r3}|27
20  51.41899399  009.41008996 12.2700 0 3 {@R}27{@L}A{@@}{@L}A
20  51.41902843  009.40953570 357.2700 0 3 {@L}A{@R}27{@@}{@L}A
20  51.41949463  009.40253453 334.9600 0 3 {@R}09-27{@L}B{@@}{@L}B
20  51.41918733  009.40216719 307.5700 0 3 {@L}B{@R}09-27{@@}{@L}B
20  51.42017062  009.38914933 6.4400 0 3 {@R}09-27{@L}C{@@}{@L}C
20  51.42022778  009.38838336 6.4400 0 3 {@L}C{@R}09-27{@@}{@L}C
20  51.42090876  009.37456575 7.9100 0 3 {@R}09{@L}E{@@}{@L}E
20  51.42094018  009.37399447 354.3300 0 3 {@L}E{@R}09{@@}{@L}E
20  51.41967483  009.40746266 95.0000 0 3 {@Y}A{^r}
20  51.42024192  009.39693167 95.0000 0 3 {@Y}B{^r}
20  51.42056934  009.39092066 275.0000 0 3 {@Y}{^l}C
20  51.42079000  009.38682096 95.0000 0 3 {@Y}C{^r}
20  51.42133379  009.37650516 275.0000 0 3 {@Y}{^l}E
20  51.41846251  009.40247594 185.0000 0 3 {@Y}L{^r}
20  51.41847802  009.39742655 357.9000 0 3 {@Y,^l}L{@L}E4{@Y}L{^r,@@,@L}E4
20  51.41870478  009.39328067 357.9000 0 3 {@Y,^l}L{@L}E3{@Y}L{^r,@@,@L}E3
20  51.41895647  009.38807745 357.9000 0 3 {@Y,^l}L|C{^u,@L}E2{@Y}L{^r,@@,@L}E2
20  51.41861736  009.39854520 267.7300 0 3 {@Y,^l}E4{@L}L
20  51.41914586  009.39712914 86.1900 0 3 {@L}L{@Y}E4{^r}
20  51.41885344  009.39437021 267.7300 0 3 {@Y,^l}E3{@L}L
20  51.41937097  009.39295820 86.1900 0 3 {@L}L{@Y}E3{^r}
20  51.41908544  009.38934652 265.9700 0 3 {@Y,^l}E2{@L}L{@Y}C{^r}
14  51.41719211  009.39429840 131.23 0 Tower Viewpoint
1300  51.41701391  009.38733971 275.16 gate jets|turboprops Main apron position 1
1301 C airline gmi aee
1300  51.41760772  009.38742218 275.16 gate jets|turboprops Main apron position 2
1301 C airline gmi aee
1300  51.41825239  009.38732086 275.11 gate jets|turboprops Main apron position 3
1301 C cargo 
1300  51.41751662  009.39312804 275.00 tie_down props General aviation spot 1
1301 A general_aviation 
1300  51.41767631  009.39327255 280.00 tie_down props General aviation spot 2
1301 A general_aviation 
1300  51.41749153  009.39383732  95.00 tie_down props General aviation spot 3
1301 A general_aviation 
1300  51.41765182  009.39386750  95.00 tie_down props General aviation spot 4
1301 A general_aviation 
1300  51.41745241  009.39436153 275.00 tie_down props General aviation spot 5
1301 A general_aviation 
1300  51.41763104  009.39439171 275.00 tie_down props General aviation spot 6
1301 A general_aviation 
1300  51.41730204  009.39523123  95.00 tie_down jets|turboprops|props General aviation spot 7
1301 B general_aviation 
1300  51.41754608  009.39527458  95.00 tie_down jets|turboprops|props General aviation spot 8
1301 B general_aviation 
1300  51.41747076  009.39637458  54.33 tie_down jets|turboprops|props General aviation spot 9
1301 C general_aviation 
1300  51.41737460  009.39718031  54.33 tie_down jets|turboprops|props General aviation spot 10
1301 C general_aviation 
1300  51.41847540  009.39307981  95.00 tie_down jets|turboprops|props General aviation spot 11
1301 B general_aviation 
1300  51.41818823  009.39303743  95.00 tie_down jets|turboprops|props General aviation spot 12
1301 B general_aviation 
1300  51.41690176  009.39283122 275.91 tie_down props Hangars west spot 1
1301 A general_aviation 
1300  51.41651063  009.39273541 275.91 tie_down props Hangars west spot 2
1301 A general_aviation 
1300  51.41793087  009.39895082 309.90 tie_down props Hangars east spot 1
1301 A general_aviation 
1300  51.41756758  009.39959431 244.88 tie_down props Hangars east spot 2
1301 A general_aviation 
1300  51.41710252  009.39914656 275.17 tie_down jets|props Hangars east spot 3
1301 A general_aviation 
1300  51.41698636  009.39856904 322.61 tie_down props Hangars east spot 4
1301 A general_aviation 
1300  51.41697406  009.39887992 322.61 tie_down props Hangars east spot 5
1301 A general_aviation 
1300  51.41842466  009.39969731 245.22 tie_down props Flying school spot 1
1301 A general_aviation 
1300  51.41825452  009.39862284 319.31 tie_down props Flying school spot 2
1301 A general_aviation 
1300  51.41807743  009.39848022 185.29 tie_down props Flying school spot 3
1301 A general_aviation 
1300  51.41822627  009.39711779  94.96 tie_down props Fuel station
1301 A general_aviation 
18  51.41730473  009.39408239 1 Airport Beacon
19  51.41919000  009.40853700 1 Windsock 27
19  51.42096800  009.37559600 1 Windsock 09
54 11810 Kassel Tower
53 12190 Kassel Ground
50 12920 Kassel ATIS
55 12665 BREMEN RADAR
1200 
1201  51.42171627  009.37501114 both 0 09/27_start
1201  51.42149476  009.37434950 both 1 09/27_start(split)
1201  51.41986053  009.40935799 both 2 09/27_stop
1201  51.41957747  009.40988998 both 3 09/27_stop(split)
1201  51.41898577  009.40981105 both 4 A_stop
1201  51.42042851  009.39886037 both 5 09/27_start(split)
1201  51.42024787  009.39972866 both 6 09/27_start(split)(split)
1201  51.42008413  009.40041365 both 7 09/27_start(split)(split)
1201  51.41986307  009.40109261 both 8 09/27_start(split)(split)(split)
1201  51.41931661  009.40243283 both 9 A_stop
1201  51.42096797  009.38886900 both 10 C_start
1201  51.42065676  009.38882586 both 11 C_start(split)
1201  51.42010355  009.38874836 both 12 C_stop
1201  51.41967273  009.38868895 both 13 C_stop(split)
1201  51.42088264  009.37426394 both 14 E_stop
1201  51.42046642  009.37420355 both 15 E_stop
1201  51.41863057  009.40976026 both 16 A_stop
1201  51.41844394  009.40966569 both 17 A_stop
1201  51.41916045  009.40266015 both 18 B_stop
1201  51.41889642  009.40265758 both 19 B_stop(split)
1201  51.41818894  009.38848468 both 20 C_stop
1201  51.41939766  009.38865096 both 21 C_stop(split)
1201  51.41866139  009.40228065 both 22 B_stop(split)
1201  51.42025314  009.37434135 both 23 L_stop
1201  51.42015181  009.37467840 both 24 L_stop
1201  51.41829230  009.40910255 both 25 L_stop
1201  51.41833457  009.40942442 both 26 L_stop(split)
1201  51.41755377  009.38839663 both 27 _stop
1201  51.41696643  009.38831454 both 28 _stop
1201  51.41700775  009.38746566 both 29 _stop
1201  51.41912674  009.39367589 both 30 C_stop(split)(split)
1201  51.41866783  009.39361144 both 31 C_stop(split)(split)(split)
1201  51.41844781  009.39358596 both 32 C_stop(split)(split)(split)(split)
1201  51.41816079  009.39355191 both 33 C_stop(split)(split)(split)(split)(split)
1201  51.41805614  009.39354018 both 34 C_stop(split)(split)(split)
1201  51.41802310  009.39419296 both 35 C_stop(split)(split)(split)(split)
1201  51.41794706  009.39563046 both 36 C_stop(split)(split)(split)(split)(split)
1201  51.41753222  009.39557503 both 37 C_stop(split)(split)(split)(split)(split)(split)
1201  51.41764263  009.39413936 both 38 C_stop(split)(split)(split)(split)(split)
1201  51.41889953  009.39786204 both 39 C_stop(split)(split)(split)
1201  51.41791244  009.39632559 both 40 _stop
1201  51.41784470  009.39653381 both 41 _stop
1201  51.41777868  009.39677217 both 42 _stop
1201  51.41775446  009.39726170 both 43 _stop(split)
1201  51.41773040  009.39769960 both 44 _stop
1201  51.41799741  009.39773831 both 45 _stop(split)
1201  51.41795660  009.39846416 both 46 _stop(split)(split)
1201  51.41812648  009.39775465 both 47 _stop(split)(split)
1201  51.41824083  009.39776957 both 48 _stop(split)(split)
1201  51.41852754  009.39781097 both 49 _stop(split)
1201  51.41823711  009.38759049 both 50 _stop
1201  51.41759943  009.38756033 both 51 _stop
1201  51.41718864  009.39762993 both 52 _stop
1201  51.41767813  009.39769312 both 53 _stop(split)
1201  51.41713451  009.39859897 both 54 _stop
1201  51.41711835  009.39886647 both 55 _start
1201  51.41761729  009.39275353 both 56 _stop
1201  51.41779943  009.39308394 both 57 _stop(split)
1201  51.41551436  009.39242835 both 58 _start
1201  51.41651948  009.39258288 both 59 _start(split)
1201  51.41691562  009.39264617 both 60 _start(split)
1201  51.41816015  009.39712310 both 61 _start
1201  51.41839215  009.39954424 both 62 _stop
1201  51.41843744  009.39873125 both 63 _stop
1201  51.41842375  009.39898411 both 64 _stop(split)
1201  51.41840762  009.39926487 both 65 _stop(split)
1201  51.41831133  009.39849542 both 66 _stop
1201  51.41821393  009.39830801 both 67 _stop
1201  51.41793360  009.39886756 both 68 _stop
1201  51.41758339  009.39947353 both 69 _stop
1201  51.41743469  009.39722213 both 70 _start
1201  51.41752078  009.39646556 both 71 _start
1201  51.41728159  009.39554335 both 72 _stop
1201  51.41746402  009.39411648 both 73 _stop
1202 10 11 twoway taxiway_D C
1204 departure 09,27
1204 arrival 09,27
1204 ils 09,27
1202 11 12 twoway taxiway_D C
1204 departure 09,27
1204 arrival 09,27
1204 ils 09,27
1202 0 1 twoway taxiway_C E
1204 departure 09,27
1204 arrival 09,27
1204 ils 09,27
1202 1 14 twoway taxiway_C E
1204 departure 09,27
1204 arrival 09,27
1204 ils 09,27
1202 14 15 twoway taxiway_C E
1204 ils 09,27
1202 4 16 twoway taxiway_C A
1204 ils 09,27
1202 16 17 twoway taxiway_C A
1204 ils 09,27
1202 9 18 twoway taxiway_C B
1204 ils 09,27
1202 18 19 twoway taxiway_C B
1204 ils 09,27
1202 19 22 twoway taxiway_C B
1202 12 13 twoway taxiway_D C
1204 ils 09,27
1202 13 21 twoway taxiway_D C
1202 21 20 twoway taxiway_D E2
1202 15 23 twoway taxiway_C L
1204 ils 09,27
1202 23 24 twoway taxiway_C L
1202 24 21 twoway taxiway_C L
1202 21 30 twoway taxiway_C L
1202 22 25 twoway taxiway_C L
1202 25 26 twoway taxiway_C L
1202 26 17 twoway taxiway_C L
1202 20 27 twoway taxiway_C 
1202 27 28 twoway taxiway_C 
1202 28 29 twoway taxiway_C 
1202 30 39 twoway taxiway_C L
1202 39 22 twoway taxiway_C L
1202 30 31 twoway taxiway_B E3
1202 31 32 twoway taxiway_B E3
1202 32 33 twoway taxiway_B E3
1202 33 34 twoway taxiway_B E3
1202 34 35 twoway taxiway_C 
1202 35 36 twoway taxiway_C 
1202 36 40 twoway taxiway_C 
1202 40 41 twoway taxiway_C 
1202 41 42 twoway taxiway_C 
1202 42 43 twoway taxiway_C 
1202 43 44 twoway taxiway_C 
1202 44 45 twoway taxiway_C E4
1202 45 47 twoway taxiway_C E4
1202 47 48 twoway taxiway_C E4
1202 48 49 twoway taxiway_C E4
1202 49 39 twoway taxiway_C E4
1202 5 6 twoway taxiway_C B
1204 departure 09,27
1204 arrival 09,27
1204 ils 09,27
1202 6 7 twoway taxiway_C B
1204 departure 09,27
1204 arrival 09,27
1204 ils 09,27
1202 7 8 twoway taxiway_C B
1204 departure 09,27
1204 arrival 09,27
1204 ils 09,27
1202 8 9 twoway taxiway_C B
1204 departure 09,27
1204 arrival 09,27
1204 ils 09,27
1202 5 2 twoway runway 09/27
1204 departure 09,27
1204 arrival 09,27
1204 ils 09,27
1202 2 3 twoway taxiway_C A
1204 departure 09,27
1204 arrival 09,27
1204 ils 09,27
1202 3 4 twoway taxiway_C A
1204 departure 09,27
1204 arrival 09,27
1204 ils 09,27
1202 0 10 twoway runway 09/27
1204 departure 09,27
1204 arrival 09,27
1204 ils 09,27
1202 10 5 twoway runway 09/27
1204 departure 09,27
1204 arrival 09,27
1204 ils 09,27
1202 20 50 twoway taxiway_D 
1202 27 51 twoway taxiway_C 
1202 52 53 twoway taxiway_B 
1202 53 44 twoway taxiway_B 
1202 54 52 twoway taxiway_B 
1202 55 54 twoway taxiway_B 
1202 56 57 twoway taxiway_B 
1202 57 34 twoway taxiway_B 
1202 58 59 twoway taxiway_B 
1202 59 60 twoway taxiway_B 
1202 60 56 twoway taxiway_B 
1202 61 47 twoway taxiway_A 
1202 63 64 twoway taxiway_A 
1202 64 65 twoway taxiway_A 
1202 65 62 twoway taxiway_A 
1202 66 63 twoway taxiway_A 
1202 67 66 twoway taxiway_A 
1202 48 67 twoway taxiway_A 
1202 45 46 twoway taxiway_A 
1202 46 68 twoway taxiway_A 
1202 53 69 twoway taxiway_A 
1202 70 43 twoway taxiway_C 
1202 71 41 twoway taxiway_C 
1202 36 37 twoway taxiway_B 
1202 37 72 twoway taxiway_B 
1202 35 38 twoway taxiway_A 
1202 38 73 twoway taxiway_A 
99
